# Frequency (eV) 	 HHG Real 	 Imaginary
0	0
0.000367493	1.43629e-16
0.000734986	5.87995e-16
0.00110248	1.37354e-15
0.00146997	2.56767e-15
0.00183747	4.26474e-15
0.00220496	6.58608e-15
0.00257245	9.67999e-15
0.00293995	1.37217e-14
0.00330744	1.89135e-14
0.00367493	2.54846e-14
0.00404243	3.36911e-14
0.00440992	4.38163e-14
0.00477741	5.61702e-14
0.00514491	7.10901e-14
0.0055124	8.894e-14
0.00587989	1.10111e-13
0.00624738	1.35022e-13
0.00661488	1.64117e-13
0.00698237	1.97869e-13
0.00734986	2.36776e-13
0.00771736	2.81367e-13
0.00808485	3.32192e-13
0.00845234	3.89834e-13
0.00881984	4.54899e-13
0.00918733	5.28023e-13
0.00955482	6.09866e-13
0.00992232	7.01117e-13
0.0102898	8.02493e-13
0.0106573	9.14736e-13
0.0110248	1.03862e-12
0.0113923	1.17493e-12
0.0117598	1.32451e-12
0.0121273	1.4882e-12
0.0124948	1.66687e-12
0.0128623	1.86145e-12
0.0132298	2.07285e-12
0.0135972	2.30205e-12
0.0139647	2.55002e-12
0.0143322	2.81779e-12
0.0146997	3.10639e-12
0.0150672	3.41691e-12
0.0154347	3.75043e-12
0.0158022	4.10808e-12
0.0161697	4.49101e-12
0.0165372	4.90041e-12
0.0169047	5.33747e-12
0.0172722	5.80345e-12
0.0176397	6.29959e-12
0.0180072	6.82719e-12
0.0183747	7.38757e-12
0.0187422	7.98207e-12
0.0191096	8.61207e-12
0.0194771	9.27897e-12
0.0198446	9.9842e-12
0.0202121	1.07292e-11
0.0205796	1.15155e-11
0.0209471	1.23446e-11
0.0213146	1.3218e-11
0.0216821	1.41372e-11
0.0220496	1.5104e-11
0.0224171	1.61199e-11
0.0227846	1.71866e-11
0.0231521	1.83057e-11
0.0235196	1.9479e-11
0.0238871	2.07082e-11
0.0242546	2.19951e-11
0.024622	2.33414e-11
0.0249895	2.47491e-11
0.025357	2.62199e-11
0.0257245	2.77557e-11
0.026092	2.93584e-11
0.0264595	3.10301e-11
0.026827	3.27726e-11
0.0271945	3.45879e-11
0.027562	3.64782e-11
0.0279295	3.84453e-11
0.028297	4.04915e-11
0.0286645	4.26189e-11
0.029032	4.48295e-11
0.0293995	4.71255e-11
0.029767	4.95093e-11
0.0301344	5.19829e-11
0.0305019	5.45487e-11
0.0308694	5.7209e-11
0.0312369	5.9966e-11
0.0316044	6.28222e-11
0.0319719	6.57799e-11
0.0323394	6.88416e-11
0.0327069	7.20096e-11
0.0330744	7.52865e-11
0.0334419	7.86748e-11
0.0338094	8.2177e-11
0.0341769	8.57956e-11
0.0345444	8.95334e-11
0.0349119	9.33928e-11
0.0352793	9.73766e-11
0.0356468	1.01488e-10
0.0360143	1.05728e-10
0.0363818	1.10101e-10
0.0367493	1.1461e-10
0.0371168	1.19257e-10
0.0374843	1.24045e-10
0.0378518	1.28976e-10
0.0382193	1.34055e-10
0.0385868	1.39283e-10
0.0389543	1.44664e-10
0.0393218	1.50201e-10
0.0396893	1.55896e-10
0.0400568	1.61754e-10
0.0404243	1.67776e-10
0.0407917	1.73967e-10
0.0411592	1.80329e-10
0.0415267	1.86866e-10
0.0418942	1.9358e-10
0.0422617	2.00476e-10
0.0426292	2.07556e-10
0.0429967	2.14823e-10
0.0433642	2.22282e-10
0.0437317	2.29935e-10
0.0440992	2.37787e-10
0.0444667	2.45839e-10
0.0448342	2.54097e-10
0.0452017	2.62564e-10
0.0455692	2.71242e-10
0.0459367	2.80137e-10
0.0463041	2.89251e-10
0.0466716	2.98588e-10
0.0470391	3.08152e-10
0.0474066	3.17946e-10
0.0477741	3.27975e-10
0.0481416	3.38243e-10
0.0485091	3.48752e-10
0.0488766	3.59508e-10
0.0492441	3.70513e-10
0.0496116	3.81773e-10
0.0499791	3.93291e-10
0.0503466	4.0507e-10
0.0507141	4.17116e-10
0.0510816	4.29433e-10
0.0514491	4.42023e-10
0.0518165	4.54893e-10
0.052184	4.68045e-10
0.0525515	4.81485e-10
0.052919	4.95216e-10
0.0532865	5.09243e-10
0.053654	5.23571e-10
0.0540215	5.38203e-10
0.054389	5.53144e-10
0.0547565	5.68399e-10
0.055124	5.83972e-10
0.0554915	5.99868e-10
0.055859	6.16092e-10
0.0562265	6.32647e-10
0.056594	6.49539e-10
0.0569614	6.66773e-10
0.0573289	6.84353e-10
0.0576964	7.02285e-10
0.0580639	7.20572e-10
0.0584314	7.3922e-10
0.0587989	7.58234e-10
0.0591664	7.77618e-10
0.0595339	7.97379e-10
0.0599014	8.1752e-10
0.0602689	8.38047e-10
0.0606364	8.58965e-10
0.0610039	8.80279e-10
0.0613714	9.01995e-10
0.0617389	9.24117e-10
0.0621064	9.46651e-10
0.0624738	9.69602e-10
0.0628413	9.92976e-10
0.0632088	1.01678e-09
0.0635763	1.04101e-09
0.0639438	1.06569e-09
0.0643113	1.09081e-09
0.0646788	1.11637e-09
0.0650463	1.1424e-09
0.0654138	1.16888e-09
0.0657813	1.19583e-09
0.0661488	1.22326e-09
0.0665163	1.25116e-09
0.0668838	1.27955e-09
0.0672513	1.30843e-09
0.0676188	1.3378e-09
0.0679862	1.36767e-09
0.0683537	1.39805e-09
0.0687212	1.42895e-09
0.0690887	1.46037e-09
0.0694562	1.49231e-09
0.0698237	1.52478e-09
0.0701912	1.55779e-09
0.0705587	1.59135e-09
0.0709262	1.62545e-09
0.0712937	1.66011e-09
0.0716612	1.69534e-09
0.0720287	1.73113e-09
0.0723962	1.7675e-09
0.0727637	1.80446e-09
0.0731312	1.842e-09
0.0734986	1.88013e-09
0.0738661	1.91887e-09
0.0742336	1.95822e-09
0.0746011	1.99818e-09
0.0749686	2.03876e-09
0.0753361	2.07997e-09
0.0757036	2.12182e-09
0.0760711	2.1643e-09
0.0764386	2.20744e-09
0.0768061	2.25123e-09
0.0771736	2.29568e-09
0.0775411	2.3408e-09
0.0779086	2.3866e-09
0.0782761	2.43308e-09
0.0786435	2.48025e-09
0.079011	2.52812e-09
0.0793785	2.5767e-09
0.079746	2.62598e-09
0.0801135	2.67598e-09
0.080481	2.72671e-09
0.0808485	2.77818e-09
0.081216	2.83038e-09
0.0815835	2.88333e-09
0.081951	2.93704e-09
0.0823185	2.9915e-09
0.082686	3.04674e-09
0.0830535	3.10276e-09
0.083421	3.15956e-09
0.0837885	3.21716e-09
0.0841559	3.27555e-09
0.0845234	3.33475e-09
0.0848909	3.39477e-09
0.0852584	3.45561e-09
0.0856259	3.51729e-09
0.0859934	3.5798e-09
0.0863609	3.64316e-09
0.0867284	3.70737e-09
0.0870959	3.77244e-09
0.0874634	3.83839e-09
0.0878309	3.90522e-09
0.0881984	3.97293e-09
0.0885659	4.04153e-09
0.0889334	4.11104e-09
0.0893009	4.18146e-09
0.0896683	4.2528e-09
0.0900358	4.32507e-09
0.0904033	4.39827e-09
0.0907708	4.47241e-09
0.0911383	4.54751e-09
0.0915058	4.62357e-09
0.0918733	4.7006e-09
0.0922408	4.7786e-09
0.0926083	4.85759e-09
0.0929758	4.93757e-09
0.0933433	5.01856e-09
0.0937108	5.10056e-09
0.0940783	5.18358e-09
0.0944458	5.26763e-09
0.0948133	5.35271e-09
0.0951807	5.43885e-09
0.0955482	5.52603e-09
0.0959157	5.61429e-09
0.0962832	5.70361e-09
0.0966507	5.79402e-09
0.0970182	5.88552e-09
0.0973857	5.97811e-09
0.0977532	6.07182e-09
0.0981207	6.16664e-09
0.0984882	6.2626e-09
0.0988557	6.35968e-09
0.0992232	6.45792e-09
0.0995907	6.55731e-09
0.0999582	6.65786e-09
0.100326	6.75958e-09
0.100693	6.86249e-09
0.101061	6.9666e-09
0.101428	7.0719e-09
0.101796	7.17841e-09
0.102163	7.28615e-09
0.102531	7.39512e-09
0.102898	7.50533e-09
0.103266	7.61678e-09
0.103633	7.7295e-09
0.104001	7.84349e-09
0.104368	7.95876e-09
0.104736	8.07531e-09
0.105103	8.19317e-09
0.105471	8.31234e-09
0.105838	8.43283e-09
0.106206	8.55464e-09
0.106573	8.6778e-09
0.106941	8.80231e-09
0.107308	8.92817e-09
0.107676	9.05541e-09
0.108043	9.18403e-09
0.108411	9.31405e-09
0.108778	9.44546e-09
0.109145	9.57829e-09
0.109513	9.71254e-09
0.10988	9.84823e-09
0.110248	9.98537e-09
0.110615	1.0124e-08
0.110983	1.0264e-08
0.11135	1.04055e-08
0.111718	1.05486e-08
0.112085	1.06931e-08
0.112453	1.08391e-08
0.11282	1.09867e-08
0.113188	1.11358e-08
0.113555	1.12864e-08
0.113923	1.14386e-08
0.11429	1.15924e-08
0.114658	1.17477e-08
0.115025	1.19047e-08
0.115393	1.20632e-08
0.11576	1.22234e-08
0.116128	1.23852e-08
0.116495	1.25486e-08
0.116863	1.27137e-08
0.11723	1.28804e-08
0.117598	1.30488e-08
0.117965	1.3219e-08
0.118333	1.33908e-08
0.1187	1.35643e-08
0.119068	1.37395e-08
0.119435	1.39165e-08
0.119803	1.40953e-08
0.12017	1.42758e-08
0.120538	1.44581e-08
0.120905	1.46422e-08
0.121273	1.4828e-08
0.12164	1.50157e-08
0.122008	1.52053e-08
0.122375	1.53967e-08
0.122743	1.55899e-08
0.12311	1.5785e-08
0.123478	1.5982e-08
0.123845	1.61809e-08
0.124213	1.63817e-08
0.12458	1.65844e-08
0.124948	1.67891e-08
0.125315	1.69958e-08
0.125683	1.72044e-08
0.12605	1.7415e-08
0.126418	1.76276e-08
0.126785	1.78422e-08
0.127153	1.80588e-08
0.12752	1.82775e-08
0.127888	1.84983e-08
0.128255	1.87211e-08
0.128623	1.8946e-08
0.12899	1.9173e-08
0.129358	1.94022e-08
0.129725	1.96335e-08
0.130093	1.98669e-08
0.13046	2.01025e-08
0.130828	2.03404e-08
0.131195	2.05804e-08
0.131563	2.08226e-08
0.13193	2.10671e-08
0.132298	2.13138e-08
0.132665	2.15628e-08
0.133033	2.18141e-08
0.1334	2.20677e-08
0.133768	2.23236e-08
0.134135	2.25819e-08
0.134503	2.28425e-08
0.13487	2.31055e-08
0.135238	2.33709e-08
0.135605	2.36387e-08
0.135972	2.39089e-08
0.13634	2.41816e-08
0.136707	2.44568e-08
0.137075	2.47344e-08
0.137442	2.50146e-08
0.13781	2.52973e-08
0.138177	2.55825e-08
0.138545	2.58703e-08
0.138912	2.61606e-08
0.13928	2.64536e-08
0.139647	2.67492e-08
0.140015	2.70475e-08
0.140382	2.73484e-08
0.14075	2.7652e-08
0.141117	2.79583e-08
0.141485	2.82673e-08
0.141852	2.8579e-08
0.14222	2.88936e-08
0.142587	2.92109e-08
0.142955	2.9531e-08
0.143322	2.9854e-08
0.14369	3.01798e-08
0.144057	3.05085e-08
0.144425	3.08401e-08
0.144792	3.11746e-08
0.14516	3.15121e-08
0.145527	3.18525e-08
0.145895	3.21959e-08
0.146262	3.25423e-08
0.14663	3.28917e-08
0.146997	3.32442e-08
0.147365	3.35997e-08
0.147732	3.39584e-08
0.1481	3.43202e-08
0.148467	3.46851e-08
0.148835	3.50532e-08
0.149202	3.54245e-08
0.14957	3.5799e-08
0.149937	3.61768e-08
0.150305	3.65578e-08
0.150672	3.69421e-08
0.15104	3.73298e-08
0.151407	3.77207e-08
0.151775	3.8115e-08
0.152142	3.85128e-08
0.15251	3.89139e-08
0.152877	3.93185e-08
0.153245	3.97265e-08
0.153612	4.0138e-08
0.15398	4.0553e-08
0.154347	4.09716e-08
0.154715	4.13938e-08
0.155082	4.18195e-08
0.15545	4.22488e-08
0.155817	4.26818e-08
0.156185	4.31184e-08
0.156552	4.35588e-08
0.15692	4.40028e-08
0.157287	4.44506e-08
0.157655	4.49022e-08
0.158022	4.53576e-08
0.15839	4.58168e-08
0.158757	4.62798e-08
0.159125	4.67467e-08
0.159492	4.72175e-08
0.15986	4.76922e-08
0.160227	4.81709e-08
0.160595	4.86536e-08
0.160962	4.91403e-08
0.16133	4.9631e-08
0.161697	5.01257e-08
0.162065	5.06246e-08
0.162432	5.11275e-08
0.162799	5.16346e-08
0.163167	5.21459e-08
0.163534	5.26613e-08
0.163902	5.3181e-08
0.164269	5.37049e-08
0.164637	5.42331e-08
0.165004	5.47655e-08
0.165372	5.53023e-08
0.165739	5.58435e-08
0.166107	5.6389e-08
0.166474	5.69389e-08
0.166842	5.74932e-08
0.167209	5.8052e-08
0.167577	5.86152e-08
0.167944	5.9183e-08
0.168312	5.97552e-08
0.168679	6.03321e-08
0.169047	6.09135e-08
0.169414	6.14995e-08
0.169782	6.20901e-08
0.170149	6.26854e-08
0.170517	6.32854e-08
0.170884	6.38901e-08
0.171252	6.44995e-08
0.171619	6.51136e-08
0.171987	6.57325e-08
0.172354	6.63563e-08
0.172722	6.69848e-08
0.173089	6.76182e-08
0.173457	6.82565e-08
0.173824	6.88997e-08
0.174192	6.95478e-08
0.174559	7.02008e-08
0.174927	7.08588e-08
0.175294	7.15218e-08
0.175662	7.21898e-08
0.176029	7.28629e-08
0.176397	7.3541e-08
0.176764	7.42242e-08
0.177132	7.49124e-08
0.177499	7.56059e-08
0.177867	7.63044e-08
0.178234	7.70081e-08
0.178602	7.77171e-08
0.178969	7.84312e-08
0.179337	7.91506e-08
0.179704	7.98752e-08
0.180072	8.06051e-08
0.180439	8.13403e-08
0.180807	8.20808e-08
0.181174	8.28266e-08
0.181542	8.35778e-08
0.181909	8.43344e-08
0.182277	8.50964e-08
0.182644	8.58638e-08
0.183012	8.66366e-08
0.183379	8.74149e-08
0.183747	8.81987e-08
0.184114	8.89879e-08
0.184482	8.97827e-08
0.184849	9.0583e-08
0.185217	9.13889e-08
0.185584	9.22003e-08
0.185952	9.30173e-08
0.186319	9.38399e-08
0.186687	9.46682e-08
0.187054	9.5502e-08
0.187422	9.63416e-08
0.187789	9.71868e-08
0.188157	9.80377e-08
0.188524	9.88943e-08
0.188892	9.97567e-08
0.189259	1.00625e-07
0.189627	1.01499e-07
0.189994	1.02378e-07
0.190361	1.03264e-07
0.190729	1.04155e-07
0.191096	1.05052e-07
0.191464	1.05955e-07
0.191831	1.06864e-07
0.192199	1.07779e-07
0.192566	1.08699e-07
0.192934	1.09626e-07
0.193301	1.10558e-07
0.193669	1.11497e-07
0.194036	1.12441e-07
0.194404	1.13392e-07
0.194771	1.14348e-07
0.195139	1.15311e-07
0.195506	1.16279e-07
0.195874	1.17254e-07
0.196241	1.18234e-07
0.196609	1.19221e-07
0.196976	1.20214e-07
0.197344	1.21213e-07
0.197711	1.22218e-07
0.198079	1.23229e-07
0.198446	1.24247e-07
0.198814	1.25271e-07
0.199181	1.26301e-07
0.199549	1.27337e-07
0.199916	1.28379e-07
0.200284	1.29428e-07
0.200651	1.30483e-07
0.201019	1.31545e-07
0.201386	1.32613e-07
0.201754	1.33687e-07
0.202121	1.34768e-07
0.202489	1.35855e-07
0.202856	1.36948e-07
0.203224	1.38048e-07
0.203591	1.39155e-07
0.203959	1.40268e-07
0.204326	1.41387e-07
0.204694	1.42514e-07
0.205061	1.43647e-07
0.205429	1.44786e-07
0.205796	1.45932e-07
0.206164	1.47085e-07
0.206531	1.48245e-07
0.206899	1.49411e-07
0.207266	1.50584e-07
0.207634	1.51764e-07
0.208001	1.52951e-07
0.208369	1.54145e-07
0.208736	1.55345e-07
0.209104	1.56553e-07
0.209471	1.57767e-07
0.209839	1.58989e-07
0.210206	1.60218e-07
0.210574	1.61453e-07
0.210941	1.62696e-07
0.211309	1.63947e-07
0.211676	1.65204e-07
0.212044	1.66469e-07
0.212411	1.67741e-07
0.212779	1.6902e-07
0.213146	1.70307e-07
0.213514	1.71601e-07
0.213881	1.72902e-07
0.214249	1.74212e-07
0.214616	1.75528e-07
0.214984	1.76853e-07
0.215351	1.78185e-07
0.215719	1.79525e-07
0.216086	1.80872e-07
0.216454	1.82228e-07
0.216821	1.83591e-07
0.217188	1.84963e-07
0.217556	1.86342e-07
0.217923	1.87729e-07
0.218291	1.89125e-07
0.218658	1.90529e-07
0.219026	1.91941e-07
0.219393	1.93361e-07
0.219761	1.9479e-07
0.220128	1.96227e-07
0.220496	1.97673e-07
0.220863	1.99127e-07
0.221231	2.0059e-07
0.221598	2.02062e-07
0.221966	2.03542e-07
0.222333	2.05032e-07
0.222701	2.0653e-07
0.223068	2.08037e-07
0.223436	2.09554e-07
0.223803	2.11079e-07
0.224171	2.12614e-07
0.224538	2.14158e-07
0.224906	2.15712e-07
0.225273	2.17275e-07
0.225641	2.18847e-07
0.226008	2.20429e-07
0.226376	2.22021e-07
0.226743	2.23623e-07
0.227111	2.25235e-07
0.227478	2.26856e-07
0.227846	2.28488e-07
0.228213	2.3013e-07
0.228581	2.31782e-07
0.228948	2.33444e-07
0.229316	2.35117e-07
0.229683	2.36801e-07
0.230051	2.38495e-07
0.230418	2.402e-07
0.230786	2.41915e-07
0.231153	2.43642e-07
0.231521	2.45379e-07
0.231888	2.47128e-07
0.232256	2.48888e-07
0.232623	2.50659e-07
0.232991	2.52441e-07
0.233358	2.54235e-07
0.233726	2.56041e-07
0.234093	2.57858e-07
0.234461	2.59687e-07
0.234828	2.61528e-07
0.235196	2.63381e-07
0.235563	2.65247e-07
0.235931	2.67124e-07
0.236298	2.69014e-07
0.236666	2.70916e-07
0.237033	2.72831e-07
0.237401	2.74758e-07
0.237768	2.76698e-07
0.238136	2.78651e-07
0.238503	2.80617e-07
0.238871	2.82596e-07
0.239238	2.84589e-07
0.239606	2.86594e-07
0.239973	2.88613e-07
0.240341	2.90645e-07
0.240708	2.92692e-07
0.241076	2.94751e-07
0.241443	2.96825e-07
0.241811	2.98913e-07
0.242178	3.01014e-07
0.242546	3.0313e-07
0.242913	3.0526e-07
0.243281	3.07404e-07
0.243648	3.09563e-07
0.244015	3.11737e-07
0.244383	3.13925e-07
0.24475	3.16128e-07
0.245118	3.18346e-07
0.245485	3.20579e-07
0.245853	3.22827e-07
0.24622	3.2509e-07
0.246588	3.27368e-07
0.246955	3.29662e-07
0.247323	3.31972e-07
0.24769	3.34297e-07
0.248058	3.36637e-07
0.248425	3.38994e-07
0.248793	3.41367e-07
0.24916	3.43755e-07
0.249528	3.4616e-07
0.249895	3.48581e-07
0.250263	3.51018e-07
0.25063	3.53471e-07
0.250998	3.55941e-07
0.251365	3.58428e-07
0.251733	3.60931e-07
0.2521	3.63452e-07
0.252468	3.65989e-07
0.252835	3.68542e-07
0.253203	3.71113e-07
0.25357	3.73701e-07
0.253938	3.76307e-07
0.254305	3.78929e-07
0.254673	3.81569e-07
0.25504	3.84227e-07
0.255408	3.86901e-07
0.255775	3.89594e-07
0.256143	3.92304e-07
0.25651	3.95032e-07
0.256878	3.97778e-07
0.257245	4.00542e-07
0.257613	4.03323e-07
0.25798	4.06123e-07
0.258348	4.08941e-07
0.258715	4.11777e-07
0.259083	4.14631e-07
0.25945	4.17504e-07
0.259818	4.20395e-07
0.260185	4.23305e-07
0.260553	4.26233e-07
0.26092	4.29179e-07
0.261288	4.32144e-07
0.261655	4.35128e-07
0.262023	4.38131e-07
0.26239	4.41152e-07
0.262758	4.44193e-07
0.263125	4.47252e-07
0.263493	4.5033e-07
0.26386	4.53427e-07
0.264228	4.56543e-07
0.264595	4.59679e-07
0.264963	4.62833e-07
0.26533	4.66007e-07
0.265698	4.692e-07
0.266065	4.72412e-07
0.266433	4.75644e-07
0.2668	4.78894e-07
0.267168	4.82165e-07
0.267535	4.85454e-07
0.267903	4.88764e-07
0.26827	4.92092e-07
0.268638	4.95441e-07
0.269005	4.98809e-07
0.269373	5.02196e-07
0.26974	5.05604e-07
0.270108	5.0903e-07
0.270475	5.12477e-07
0.270843	5.15944e-07
0.27121	5.1943e-07
0.271577	5.22936e-07
0.271945	5.26462e-07
0.272312	5.30008e-07
0.27268	5.33574e-07
0.273047	5.3716e-07
0.273415	5.40765e-07
0.273782	5.44391e-07
0.27415	5.48037e-07
0.274517	5.51703e-07
0.274885	5.55389e-07
0.275252	5.59096e-07
0.27562	5.62822e-07
0.275987	5.66569e-07
0.276355	5.70336e-07
0.276722	5.74123e-07
0.27709	5.77931e-07
0.277457	5.81759e-07
0.277825	5.85608e-07
0.278192	5.89477e-07
0.27856	5.93366e-07
0.278927	5.97276e-07
0.279295	6.01207e-07
0.279662	6.05158e-07
0.28003	6.0913e-07
0.280397	6.13122e-07
0.280765	6.17136e-07
0.281132	6.2117e-07
0.2815	6.25225e-07
0.281867	6.29301e-07
0.282235	6.33397e-07
0.282602	6.37515e-07
0.28297	6.41654e-07
0.283337	6.45814e-07
0.283705	6.49996e-07
0.284072	6.54198e-07
0.28444	6.58422e-07
0.284807	6.62668e-07
0.285175	6.66935e-07
0.285542	6.71223e-07
0.28591	6.75533e-07
0.286277	6.79865e-07
0.286645	6.84218e-07
0.287012	6.88594e-07
0.28738	6.92991e-07
0.287747	6.9741e-07
0.288115	7.01852e-07
0.288482	7.06316e-07
0.28885	7.10802e-07
0.289217	7.15311e-07
0.289585	7.19842e-07
0.289952	7.24396e-07
0.29032	7.28973e-07
0.290687	7.33572e-07
0.291055	7.38195e-07
0.291422	7.42841e-07
0.29179	7.4751e-07
0.292157	7.52203e-07
0.292525	7.56919e-07
0.292892	7.61659e-07
0.29326	7.66422e-07
0.293627	7.7121e-07
0.293995	7.76022e-07
0.294362	7.80858e-07
0.29473	7.85719e-07
0.295097	7.90604e-07
0.295465	7.95515e-07
0.295832	8.0045e-07
0.2962	8.0541e-07
0.296567	8.10396e-07
0.296935	8.15408e-07
0.297302	8.20445e-07
0.29767	8.25508e-07
0.298037	8.30597e-07
0.298404	8.35713e-07
0.298772	8.40855e-07
0.299139	8.46024e-07
0.299507	8.5122e-07
0.299874	8.56444e-07
0.300242	8.61695e-07
0.300609	8.66973e-07
0.300977	8.7228e-07
0.301344	8.77615e-07
0.301712	8.82978e-07
0.302079	8.8837e-07
0.302447	8.93791e-07
0.302814	8.99241e-07
0.303182	9.04721e-07
0.303549	9.10231e-07
0.303917	9.1577e-07
0.304284	9.2134e-07
0.304652	9.26941e-07
0.305019	9.32573e-07
0.305387	9.38236e-07
0.305754	9.4393e-07
0.306122	9.49656e-07
0.306489	9.55415e-07
0.306857	9.61206e-07
0.307224	9.6703e-07
0.307592	9.72887e-07
0.307959	9.78777e-07
0.308327	9.84701e-07
0.308694	9.9066e-07
0.309062	9.96653e-07
0.309429	1.00268e-06
0.309797	1.00874e-06
0.310164	1.01484e-06
0.310532	1.02098e-06
0.310899	1.02715e-06
0.311267	1.03335e-06
0.311634	1.0396e-06
0.312002	1.04588e-06
0.312369	1.0522e-06
0.312737	1.05856e-06
0.313104	1.06495e-06
0.313472	1.07139e-06
0.313839	1.07786e-06
0.314207	1.08438e-06
0.314574	1.09093e-06
0.314942	1.09752e-06
0.315309	1.10416e-06
0.315677	1.11084e-06
0.316044	1.11755e-06
0.316412	1.12431e-06
0.316779	1.13112e-06
0.317147	1.13796e-06
0.317514	1.14485e-06
0.317882	1.15179e-06
0.318249	1.15876e-06
0.318617	1.16578e-06
0.318984	1.17285e-06
0.319352	1.17996e-06
0.319719	1.18712e-06
0.320087	1.19433e-06
0.320454	1.20158e-06
0.320822	1.20888e-06
0.321189	1.21622e-06
0.321557	1.22362e-06
0.321924	1.23106e-06
0.322292	1.23855e-06
0.322659	1.24609e-06
0.323027	1.25368e-06
0.323394	1.26133e-06
0.323762	1.26902e-06
0.324129	1.27676e-06
0.324497	1.28456e-06
0.324864	1.2924e-06
0.325232	1.3003e-06
0.325599	1.30825e-06
0.325966	1.31626e-06
0.326334	1.32432e-06
0.326701	1.33243e-06
0.327069	1.3406e-06
0.327436	1.34882e-06
0.327804	1.3571e-06
0.328171	1.36543e-06
0.328539	1.37382e-06
0.328906	1.38227e-06
0.329274	1.39078e-06
0.329641	1.39934e-06
0.330009	1.40796e-06
0.330376	1.41664e-06
0.330744	1.42538e-06
0.331111	1.43417e-06
0.331479	1.44303e-06
0.331846	1.45195e-06
0.332214	1.46093e-06
0.332581	1.46997e-06
0.332949	1.47907e-06
0.333316	1.48823e-06
0.333684	1.49745e-06
0.334051	1.50674e-06
0.334419	1.51609e-06
0.334786	1.5255e-06
0.335154	1.53498e-06
0.335521	1.54452e-06
0.335889	1.55413e-06
0.336256	1.5638e-06
0.336624	1.57353e-06
0.336991	1.58334e-06
0.337359	1.59321e-06
0.337726	1.60314e-06
0.338094	1.61314e-06
0.338461	1.62321e-06
0.338829	1.63335e-06
0.339196	1.64355e-06
0.339564	1.65382e-06
0.339931	1.66417e-06
0.340299	1.67458e-06
0.340666	1.68506e-06
0.341034	1.69561e-06
0.341401	1.70623e-06
0.341769	1.71692e-06
0.342136	1.72768e-06
0.342504	1.73851e-06
0.342871	1.74941e-06
0.343239	1.76039e-06
0.343606	1.77143e-06
0.343974	1.78255e-06
0.344341	1.79375e-06
0.344709	1.80501e-06
0.345076	1.81635e-06
0.345444	1.82776e-06
0.345811	1.83925e-06
0.346179	1.85081e-06
0.346546	1.86244e-06
0.346914	1.87415e-06
0.347281	1.88593e-06
0.347649	1.89779e-06
0.348016	1.90973e-06
0.348384	1.92174e-06
0.348751	1.93383e-06
0.349119	1.94599e-06
0.349486	1.95823e-06
0.349854	1.97055e-06
0.350221	1.98294e-06
0.350589	1.99542e-06
0.350956	2.00797e-06
0.351324	2.02059e-06
0.351691	2.0333e-06
0.352059	2.04609e-06
0.352426	2.05895e-06
0.352793	2.07189e-06
0.353161	2.08492e-06
0.353528	2.09802e-06
0.353896	2.1112e-06
0.354263	2.12446e-06
0.354631	2.13781e-06
0.354998	2.15123e-06
0.355366	2.16473e-06
0.355733	2.17832e-06
0.356101	2.19199e-06
0.356468	2.20573e-06
0.356836	2.21956e-06
0.357203	2.23348e-06
0.357571	2.24747e-06
0.357938	2.26155e-06
0.358306	2.27571e-06
0.358673	2.28996e-06
0.359041	2.30428e-06
0.359408	2.31869e-06
0.359776	2.33319e-06
0.360143	2.34777e-06
0.360511	2.36243e-06
0.360878	2.37718e-06
0.361246	2.39202e-06
0.361613	2.40694e-06
0.361981	2.42194e-06
0.362348	2.43704e-06
0.362716	2.45222e-06
0.363083	2.46748e-06
0.363451	2.48283e-06
0.363818	2.49827e-06
0.364186	2.5138e-06
0.364553	2.52941e-06
0.364921	2.54512e-06
0.365288	2.56091e-06
0.365656	2.57679e-06
0.366023	2.59276e-06
0.366391	2.60882e-06
0.366758	2.62497e-06
0.367126	2.64121e-06
0.367493	2.65754e-06
0.367861	2.67396e-06
0.368228	2.69047e-06
0.368596	2.70708e-06
0.368963	2.72378e-06
0.369331	2.74057e-06
0.369698	2.75745e-06
0.370066	2.77443e-06
0.370433	2.7915e-06
0.370801	2.80867e-06
0.371168	2.82593e-06
0.371536	2.84329e-06
0.371903	2.86074e-06
0.372271	2.87829e-06
0.372638	2.89594e-06
0.373006	2.91368e-06
0.373373	2.93153e-06
0.373741	2.94947e-06
0.374108	2.96751e-06
0.374476	2.98565e-06
0.374843	3.0039e-06
0.375211	3.02224e-06
0.375578	3.04069e-06
0.375946	3.05924e-06
0.376313	3.07789e-06
0.376681	3.09664e-06
0.377048	3.1155e-06
0.377416	3.13447e-06
0.377783	3.15354e-06
0.378151	3.17272e-06
0.378518	3.19201e-06
0.378886	3.21141e-06
0.379253	3.23091e-06
0.37962	3.25053e-06
0.379988	3.27025e-06
0.380355	3.29009e-06
0.380723	3.31004e-06
0.38109	3.3301e-06
0.381458	3.35028e-06
0.381825	3.37058e-06
0.382193	3.39099e-06
0.38256	3.41152e-06
0.382928	3.43217e-06
0.383295	3.45293e-06
0.383663	3.47382e-06
0.38403	3.49483e-06
0.384398	3.51596e-06
0.384765	3.53722e-06
0.385133	3.5586e-06
0.3855	3.5801e-06
0.385868	3.60174e-06
0.386235	3.6235e-06
0.386603	3.64539e-06
0.38697	3.66742e-06
0.387338	3.68957e-06
0.387705	3.71186e-06
0.388073	3.73429e-06
0.38844	3.75685e-06
0.388808	3.77955e-06
0.389175	3.80239e-06
0.389543	3.82536e-06
0.38991	3.84848e-06
0.390278	3.87175e-06
0.390645	3.89516e-06
0.391013	3.91871e-06
0.39138	3.94241e-06
0.391748	3.96627e-06
0.392115	3.99027e-06
0.392483	4.01443e-06
0.39285	4.03874e-06
0.393218	4.0632e-06
0.393585	4.08783e-06
0.393953	4.11261e-06
0.39432	4.13755e-06
0.394688	4.16266e-06
0.395055	4.18793e-06
0.395423	4.21337e-06
0.39579	4.23898e-06
0.396158	4.26475e-06
0.396525	4.2907e-06
0.396893	4.31682e-06
0.39726	4.34312e-06
0.397628	4.36959e-06
0.397995	4.39625e-06
0.398363	4.42309e-06
0.39873	4.45011e-06
0.399098	4.47731e-06
0.399465	4.5047e-06
0.399833	4.53229e-06
0.4002	4.56006e-06
0.400568	4.58803e-06
0.400935	4.61619e-06
0.401303	4.64456e-06
0.40167	4.67312e-06
0.402038	4.70188e-06
0.402405	4.73085e-06
0.402773	4.76003e-06
0.40314	4.78942e-06
0.403508	4.81901e-06
0.403875	4.84883e-06
0.404243	4.87885e-06
0.40461	4.9091e-06
0.404978	4.93957e-06
0.405345	4.97025e-06
0.405713	5.00117e-06
0.40608	5.03231e-06
0.406448	5.06368e-06
0.406815	5.09529e-06
0.407182	5.12713e-06
0.40755	5.1592e-06
0.407917	5.19152e-06
0.408285	5.22408e-06
0.408652	5.25688e-06
0.40902	5.28993e-06
0.409387	5.32323e-06
0.409755	5.35678e-06
0.410122	5.39059e-06
0.41049	5.42465e-06
0.410857	5.45897e-06
0.411225	5.49356e-06
0.411592	5.52841e-06
0.41196	5.56352e-06
0.412327	5.59891e-06
0.412695	5.63456e-06
0.413062	5.6705e-06
0.41343	5.70671e-06
0.413797	5.74319e-06
0.414165	5.77996e-06
0.414532	5.81702e-06
0.4149	5.85436e-06
0.415267	5.89199e-06
0.415635	5.92992e-06
0.416002	5.96814e-06
0.41637	6.00665e-06
0.416737	6.04547e-06
0.417105	6.08458e-06
0.417472	6.12401e-06
0.41784	6.16374e-06
0.418207	6.20378e-06
0.418575	6.24413e-06
0.418942	6.28479e-06
0.41931	6.32578e-06
0.419677	6.36708e-06
0.420045	6.4087e-06
0.420412	6.45065e-06
0.42078	6.49293e-06
0.421147	6.53553e-06
0.421515	6.57847e-06
0.421882	6.62174e-06
0.42225	6.66534e-06
0.422617	6.70929e-06
0.422985	6.75357e-06
0.423352	6.7982e-06
0.42372	6.84318e-06
0.424087	6.8885e-06
0.424455	6.93417e-06
0.424822	6.98019e-06
0.42519	7.02657e-06
0.425557	7.0733e-06
0.425925	7.1204e-06
0.426292	7.16785e-06
0.42666	7.21567e-06
0.427027	7.26385e-06
0.427395	7.3124e-06
0.427762	7.36131e-06
0.42813	7.4106e-06
0.428497	7.46027e-06
0.428865	7.5103e-06
0.429232	7.56072e-06
0.4296	7.61151e-06
0.429967	7.66269e-06
0.430335	7.71424e-06
0.430702	7.76619e-06
0.43107	7.81851e-06
0.431437	7.87123e-06
0.431805	7.92434e-06
0.432172	7.97784e-06
0.43254	8.03173e-06
0.432907	8.08602e-06
0.433275	8.14071e-06
0.433642	8.19579e-06
0.434009	8.25128e-06
0.434377	8.30717e-06
0.434744	8.36346e-06
0.435112	8.42015e-06
0.435479	8.47726e-06
0.435847	8.53477e-06
0.436214	8.59269e-06
0.436582	8.65103e-06
0.436949	8.70978e-06
0.437317	8.76894e-06
0.437684	8.82852e-06
0.438052	8.88851e-06
0.438419	8.94893e-06
0.438787	9.00976e-06
0.439154	9.07102e-06
0.439522	9.1327e-06
0.439889	9.1948e-06
0.440257	9.25733e-06
0.440624	9.32029e-06
0.440992	9.38368e-06
0.441359	9.4475e-06
0.441727	9.51174e-06
0.442094	9.57643e-06
0.442462	9.64154e-06
0.442829	9.70709e-06
0.443197	9.77308e-06
0.443564	9.83951e-06
0.443932	9.90637e-06
0.444299	9.97368e-06
0.444667	1.00414e-05
0.445034	1.01096e-05
0.445402	1.01783e-05
0.445769	1.02473e-05
0.446137	1.03169e-05
0.446504	1.03869e-05
0.446872	1.04573e-05
0.447239	1.05282e-05
0.447607	1.05995e-05
0.447974	1.06713e-05
0.448342	1.07436e-05
0.448709	1.08163e-05
0.449077	1.08895e-05
0.449444	1.09631e-05
0.449812	1.10372e-05
0.450179	1.11117e-05
0.450547	1.11868e-05
0.450914	1.12623e-05
0.451282	1.13383e-05
0.451649	1.14147e-05
0.452017	1.14916e-05
0.452384	1.1569e-05
0.452752	1.16469e-05
0.453119	1.17252e-05
0.453487	1.18041e-05
0.453854	1.18834e-05
0.454222	1.19632e-05
0.454589	1.20435e-05
0.454957	1.21243e-05
0.455324	1.22056e-05
0.455692	1.22874e-05
0.456059	1.23697e-05
0.456427	1.24525e-05
0.456794	1.25358e-05
0.457162	1.26197e-05
0.457529	1.2704e-05
0.457897	1.27888e-05
0.458264	1.28742e-05
0.458632	1.29601e-05
0.458999	1.30465e-05
0.459367	1.31335e-05
0.459734	1.3221e-05
0.460102	1.3309e-05
0.460469	1.33975e-05
0.460837	1.34867e-05
0.461204	1.35763e-05
0.461571	1.36665e-05
0.461939	1.37573e-05
0.462306	1.38487e-05
0.462674	1.39406e-05
0.463041	1.40331e-05
0.463409	1.41261e-05
0.463776	1.42198e-05
0.464144	1.4314e-05
0.464511	1.44089e-05
0.464879	1.45043e-05
0.465246	1.46004e-05
0.465614	1.4697e-05
0.465981	1.47943e-05
0.466349	1.48922e-05
0.466716	1.49907e-05
0.467084	1.50899e-05
0.467451	1.51897e-05
0.467819	1.52902e-05
0.468186	1.53913e-05
0.468554	1.54931e-05
0.468921	1.55956e-05
0.469289	1.56988e-05
0.469656	1.58026e-05
0.470024	1.59071e-05
0.470391	1.60124e-05
0.470759	1.61183e-05
0.471126	1.6225e-05
0.471494	1.63324e-05
0.471861	1.64406e-05
0.472229	1.65495e-05
0.472596	1.66591e-05
0.472964	1.67695e-05
0.473331	1.68807e-05
0.473699	1.69927e-05
0.474066	1.71055e-05
0.474434	1.72191e-05
0.474801	1.73335e-05
0.475169	1.74487e-05
0.475536	1.75648e-05
0.475904	1.76817e-05
0.476271	1.77995e-05
0.476639	1.79181e-05
0.477006	1.80376e-05
0.477374	1.8158e-05
0.477741	1.82794e-05
0.478109	1.84016e-05
0.478476	1.85248e-05
0.478844	1.86489e-05
0.479211	1.87739e-05
0.479579	1.88999e-05
0.479946	1.90269e-05
0.480314	1.91549e-05
0.480681	1.92839e-05
0.481049	1.94139e-05
0.481416	1.95449e-05
0.481784	1.9677e-05
0.482151	1.98101e-05
0.482519	1.99443e-05
0.482886	2.00796e-05
0.483254	2.0216e-05
0.483621	2.03535e-05
0.483989	2.04921e-05
0.484356	2.06318e-05
0.484724	2.07727e-05
0.485091	2.09148e-05
0.485459	2.1058e-05
0.485826	2.12024e-05
0.486194	2.13481e-05
0.486561	2.14949e-05
0.486929	2.16431e-05
0.487296	2.17924e-05
0.487664	2.1943e-05
0.488031	2.20949e-05
0.488398	2.22481e-05
0.488766	2.24026e-05
0.489133	2.25585e-05
0.489501	2.27157e-05
0.489868	2.28742e-05
0.490236	2.30341e-05
0.490603	2.31954e-05
0.490971	2.33581e-05
0.491338	2.35222e-05
0.491706	2.36877e-05
0.492073	2.38547e-05
0.492441	2.40231e-05
0.492808	2.4193e-05
0.493176	2.43644e-05
0.493543	2.45373e-05
0.493911	2.47117e-05
0.494278	2.48877e-05
0.494646	2.50652e-05
0.495013	2.52442e-05
0.495381	2.54249e-05
0.495748	2.56071e-05
0.496116	2.57909e-05
0.496483	2.59763e-05
0.496851	2.61633e-05
0.497218	2.6352e-05
0.497586	2.65424e-05
0.497953	2.67344e-05
0.498321	2.69281e-05
0.498688	2.71234e-05
0.499056	2.73205e-05
0.499423	2.75193e-05
0.499791	2.77198e-05
0.500158	2.79221e-05
0.500526	2.81261e-05
0.500893	2.83319e-05
0.501261	2.85394e-05
0.501628	2.87487e-05
0.501996	2.89598e-05
0.502363	2.91727e-05
0.502731	2.93874e-05
0.503098	2.9604e-05
0.503466	2.98223e-05
0.503833	3.00425e-05
0.504201	3.02645e-05
0.504568	3.04884e-05
0.504936	3.07142e-05
0.505303	3.09418e-05
0.505671	3.11713e-05
0.506038	3.14026e-05
0.506406	3.16359e-05
0.506773	3.1871e-05
0.507141	3.2108e-05
0.507508	3.2347e-05
0.507876	3.25878e-05
0.508243	3.28305e-05
0.508611	3.30752e-05
0.508978	3.33217e-05
0.509346	3.35702e-05
0.509713	3.38206e-05
0.510081	3.40729e-05
0.510448	3.43271e-05
0.510816	3.45832e-05
0.511183	3.48412e-05
0.511551	3.51012e-05
0.511918	3.53631e-05
0.512286	3.56269e-05
0.512653	3.58926e-05
0.513021	3.61602e-05
0.513388	3.64297e-05
0.513756	3.67011e-05
0.514123	3.69744e-05
0.514491	3.72496e-05
0.514858	3.75266e-05
0.515225	3.78056e-05
0.515593	3.80864e-05
0.51596	3.83691e-05
0.516328	3.86536e-05
0.516695	3.894e-05
0.517063	3.92282e-05
0.51743	3.95183e-05
0.517798	3.98102e-05
0.518165	4.01038e-05
0.518533	4.03993e-05
0.5189	4.06966e-05
0.519268	4.09956e-05
0.519635	4.12964e-05
0.520003	4.15989e-05
0.52037	4.19032e-05
0.520738	4.22092e-05
0.521105	4.25169e-05
0.521473	4.28263e-05
0.52184	4.31373e-05
0.522208	4.34501e-05
0.522575	4.37644e-05
0.522943	4.40804e-05
0.52331	4.4398e-05
0.523678	4.47171e-05
0.524045	4.50378e-05
0.524413	4.53601e-05
0.52478	4.56839e-05
0.525148	4.60092e-05
0.525515	4.6336e-05
0.525883	4.66642e-05
0.52625	4.69939e-05
0.526618	4.7325e-05
0.526985	4.76575e-05
0.527353	4.79914e-05
0.52772	4.83266e-05
0.528088	4.86632e-05
0.528455	4.9001e-05
0.528823	4.93402e-05
0.52919	4.96806e-05
0.529558	5.00222e-05
0.529925	5.0365e-05
0.530293	5.0709e-05
0.53066	5.10542e-05
0.531028	5.14005e-05
0.531395	5.17479e-05
0.531763	5.20963e-05
0.53213	5.24458e-05
0.532498	5.27964e-05
0.532865	5.31479e-05
0.533233	5.35004e-05
0.5336	5.38538e-05
0.533968	5.42082e-05
0.534335	5.45634e-05
0.534703	5.49195e-05
0.53507	5.52765e-05
0.535438	5.56342e-05
0.535805	5.59927e-05
0.536173	5.6352e-05
0.53654	5.6712e-05
0.536908	5.70726e-05
0.537275	5.7434e-05
0.537643	5.7796e-05
0.53801	5.81586e-05
0.538378	5.85218e-05
0.538745	5.88856e-05
0.539113	5.92499e-05
0.53948	5.96147e-05
0.539848	5.99801e-05
0.540215	6.03458e-05
0.540583	6.07121e-05
0.54095	6.10787e-05
0.541318	6.14457e-05
0.541685	6.18131e-05
0.542053	6.21808e-05
0.54242	6.25489e-05
0.542787	6.29172e-05
0.543155	6.32859e-05
0.543522	6.36548e-05
0.54389	6.40239e-05
0.544257	6.43932e-05
0.544625	6.47628e-05
0.544992	6.51325e-05
0.54536	6.55024e-05
0.545727	6.58724e-05
0.546095	6.62426e-05
0.546462	6.66129e-05
0.54683	6.69832e-05
0.547197	6.73537e-05
0.547565	6.77242e-05
0.547932	6.80948e-05
0.5483	6.84655e-05
0.548667	6.88362e-05
0.549035	6.92069e-05
0.549402	6.95776e-05
0.54977	6.99484e-05
0.550137	7.03191e-05
0.550505	7.06899e-05
0.550872	7.10606e-05
0.55124	7.14314e-05
0.551607	7.18021e-05
0.551975	7.21729e-05
0.552342	7.25436e-05
0.55271	7.29143e-05
0.553077	7.32851e-05
0.553445	7.36558e-05
0.553812	7.40265e-05
0.55418	7.43973e-05
0.554547	7.4768e-05
0.554915	7.51388e-05
0.555282	7.55096e-05
0.55565	7.58805e-05
0.556017	7.62515e-05
0.556385	7.66225e-05
0.556752	7.69936e-05
0.55712	7.73648e-05
0.557487	7.77362e-05
0.557855	7.81077e-05
0.558222	7.84793e-05
0.55859	7.88512e-05
0.558957	7.92233e-05
0.559325	7.95956e-05
0.559692	7.99682e-05
0.56006	8.03411e-05
0.560427	8.07143e-05
0.560795	8.10879e-05
0.561162	8.14618e-05
0.56153	8.18362e-05
0.561897	8.22111e-05
0.562265	8.25864e-05
0.562632	8.29623e-05
0.563	8.33388e-05
0.563367	8.37158e-05
0.563735	8.40936e-05
0.564102	8.44721e-05
0.56447	8.48513e-05
0.564837	8.52313e-05
0.565205	8.56121e-05
0.565572	8.59939e-05
0.56594	8.63766e-05
0.566307	8.67604e-05
0.566675	8.71452e-05
0.567042	8.75311e-05
0.56741	8.79182e-05
0.567777	8.83065e-05
0.568145	8.86961e-05
0.568512	8.90871e-05
0.56888	8.94795e-05
0.569247	8.98734e-05
0.569614	9.02688e-05
0.569982	9.06659e-05
0.570349	9.10646e-05
0.570717	9.14651e-05
0.571084	9.18675e-05
0.571452	9.22717e-05
0.571819	9.26779e-05
0.572187	9.30862e-05
0.572554	9.34966e-05
0.572922	9.39092e-05
0.573289	9.4324e-05
0.573657	9.47413e-05
0.574024	9.51609e-05
0.574392	9.55831e-05
0.574759	9.60079e-05
0.575127	9.64354e-05
0.575494	9.68656e-05
0.575862	9.72987e-05
0.576229	9.77347e-05
0.576597	9.81738e-05
0.576964	9.86159e-05
0.577332	9.90613e-05
0.577699	9.95099e-05
0.578067	9.99619e-05
0.578434	0.000100417
0.578802	0.000100876
0.579169	0.000101339
0.579537	0.000101805
0.579904	0.000102276
0.580272	0.00010275
0.580639	0.000103228
0.581007	0.00010371
0.581374	0.000104196
0.581742	0.000104687
0.582109	0.000105182
0.582477	0.000105682
0.582844	0.000106186
0.583212	0.000106694
0.583579	0.000107208
0.583947	0.000107726
0.584314	0.000108249
0.584682	0.000108777
0.585049	0.000109311
0.585417	0.000109849
0.585784	0.000110393
0.586152	0.000110942
0.586519	0.000111497
0.586887	0.000112057
0.587254	0.000112622
0.587622	0.000113194
0.587989	0.000113771
0.588357	0.000114354
0.588724	0.000114943
0.589092	0.000115538
0.589459	0.000116139
0.589827	0.000116747
0.590194	0.00011736
0.590562	0.00011798
0.590929	0.000118607
0.591297	0.00011924
0.591664	0.00011988
0.592032	0.000120526
0.592399	0.000121179
0.592767	0.000121838
0.593134	0.000122505
0.593502	0.000123179
0.593869	0.000123859
0.594237	0.000124547
0.594604	0.000125241
0.594972	0.000125943
0.595339	0.000126652
0.595707	0.000127368
0.596074	0.000128092
0.596441	0.000128823
0.596809	0.000129561
0.597176	0.000130307
0.597544	0.000131061
0.597911	0.000131821
0.598279	0.00013259
0.598646	0.000133366
0.599014	0.00013415
0.599381	0.000134941
0.599749	0.00013574
0.600116	0.000136547
0.600484	0.000137361
0.600851	0.000138184
0.601219	0.000139014
0.601586	0.000139851
0.601954	0.000140697
0.602321	0.00014155
0.602689	0.000142412
0.603056	0.000143281
0.603424	0.000144157
0.603791	0.000145042
0.604159	0.000145934
0.604526	0.000146835
0.604894	0.000147743
0.605261	0.000148658
0.605629	0.000149582
0.605996	0.000150513
0.606364	0.000151451
0.606731	0.000152398
0.607099	0.000153351
0.607466	0.000154313
0.607834	0.000155282
0.608201	0.000156258
0.608569	0.000157242
0.608936	0.000158233
0.609304	0.000159232
0.609671	0.000160238
0.610039	0.00016125
0.610406	0.00016227
0.610774	0.000163297
0.611141	0.000164331
0.611509	0.000165372
0.611876	0.00016642
0.612244	0.000167475
0.612611	0.000168536
0.612979	0.000169603
0.613346	0.000170677
0.613714	0.000171758
0.614081	0.000172844
0.614449	0.000173937
0.614816	0.000175036
0.615184	0.00017614
0.615551	0.000177251
0.615919	0.000178367
0.616286	0.000179489
0.616654	0.000180616
0.617021	0.000181748
0.617389	0.000182886
0.617756	0.000184029
0.618124	0.000185176
0.618491	0.000186328
0.618859	0.000187485
0.619226	0.000188647
0.619594	0.000189812
0.619961	0.000190982
0.620329	0.000192156
0.620696	0.000193333
0.621064	0.000194514
0.621431	0.000195699
0.621799	0.000196887
0.622166	0.000198078
0.622534	0.000199272
0.622901	0.000200469
0.623269	0.000201668
0.623636	0.00020287
0.624003	0.000204074
0.624371	0.00020528
0.624738	0.000206488
0.625106	0.000207698
0.625473	0.000208909
0.625841	0.000210121
0.626208	0.000211334
0.626576	0.000212548
0.626943	0.000213763
0.627311	0.000214978
0.627678	0.000216194
0.628046	0.000217409
0.628413	0.000218625
0.628781	0.000219839
0.629148	0.000221054
0.629516	0.000222267
0.629883	0.000223479
0.630251	0.00022469
0.630618	0.0002259
0.630986	0.000227107
0.631353	0.000228313
0.631721	0.000229517
0.632088	0.000230718
0.632456	0.000231916
0.632823	0.000233112
0.633191	0.000234304
0.633558	0.000235494
0.633926	0.000236679
0.634293	0.000237861
0.634661	0.000239039
0.635028	0.000240212
0.635396	0.000241381
0.635763	0.000242545
0.636131	0.000243705
0.636498	0.000244859
0.636866	0.000246007
0.637233	0.00024715
0.637601	0.000248288
0.637968	0.000249419
0.638336	0.000250543
0.638703	0.000251661
0.639071	0.000252772
0.639438	0.000253877
0.639806	0.000254973
0.640173	0.000256063
0.640541	0.000257144
0.640908	0.000258218
0.641276	0.000259284
0.641643	0.000260341
0.642011	0.000261389
0.642378	0.000262429
0.642746	0.000263459
0.643113	0.000264481
0.643481	0.000265492
0.643848	0.000266495
0.644216	0.000267487
0.644583	0.000268469
0.644951	0.00026944
0.645318	0.000270402
0.645686	0.000271352
0.646053	0.000272291
0.646421	0.00027322
0.646788	0.000274137
0.647156	0.000275042
0.647523	0.000275936
0.647891	0.000276818
0.648258	0.000277687
0.648626	0.000278545
0.648993	0.000279389
0.649361	0.000280222
0.649728	0.000281041
0.650096	0.000281848
0.650463	0.000282641
0.65083	0.000283421
0.651198	0.000284187
0.651565	0.00028494
0.651933	0.000285679
0.6523	0.000286404
0.652668	0.000287115
0.653035	0.000287812
0.653403	0.000288494
0.65377	0.000289162
0.654138	0.000289815
0.654505	0.000290453
0.654873	0.000291077
0.65524	0.000291685
0.655608	0.000292278
0.655975	0.000292856
0.656343	0.000293419
0.65671	0.000293966
0.657078	0.000294498
0.657445	0.000295013
0.657813	0.000295513
0.65818	0.000295998
0.658548	0.000296466
0.658915	0.000296918
0.659283	0.000297354
0.65965	0.000297774
0.660018	0.000298177
0.660385	0.000298565
0.660753	0.000298935
0.66112	0.00029929
0.661488	0.000299628
0.661855	0.000299949
0.662223	0.000300254
0.66259	0.000300542
0.662958	0.000300813
0.663325	0.000301068
0.663693	0.000301306
0.66406	0.000301527
0.664428	0.000301731
0.664795	0.000301919
0.665163	0.00030209
0.66553	0.000302244
0.665898	0.000302381
0.666265	0.000302502
0.666633	0.000302605
0.667	0.000302692
0.667368	0.000302762
0.667735	0.000302815
0.668103	0.000302852
0.66847	0.000302872
0.668838	0.000302875
0.669205	0.000302862
0.669573	0.000302832
0.66994	0.000302785
0.670308	0.000302722
0.670675	0.000302642
0.671043	0.000302547
0.67141	0.000302434
0.671778	0.000302306
0.672145	0.000302161
0.672513	0.000302
0.67288	0.000301823
0.673248	0.00030163
0.673615	0.000301421
0.673983	0.000301197
0.67435	0.000300956
0.674718	0.0003007
0.675085	0.000300428
0.675453	0.000300141
0.67582	0.000299839
0.676188	0.000299521
0.676555	0.000299188
0.676923	0.000298841
0.67729	0.000298478
0.677658	0.0002981
0.678025	0.000297708
0.678392	0.000297301
0.67876	0.00029688
0.679127	0.000296444
0.679495	0.000295995
0.679862	0.000295531
0.68023	0.000295053
0.680597	0.000294562
0.680965	0.000294057
0.681332	0.000293538
0.6817	0.000293007
0.682067	0.000292462
0.682435	0.000291904
0.682802	0.000291333
0.68317	0.000290749
0.683537	0.000290153
0.683905	0.000289544
0.684272	0.000288923
0.68464	0.00028829
0.685007	0.000287645
0.685375	0.000286988
0.685742	0.00028632
0.68611	0.00028564
0.686477	0.000284949
0.686845	0.000284246
0.687212	0.000283533
0.68758	0.000282809
0.687947	0.000282075
0.688315	0.00028133
0.688682	0.000280575
0.68905	0.000279809
0.689417	0.000279034
0.689785	0.000278249
0.690152	0.000277455
0.69052	0.000276651
0.690887	0.000275838
0.691255	0.000275016
0.691622	0.000274185
0.69199	0.000273346
0.692357	0.000272498
0.692725	0.000271642
0.693092	0.000270777
0.69346	0.000269905
0.693827	0.000269025
0.694195	0.000268137
0.694562	0.000267242
0.69493	0.00026634
0.695297	0.000265431
0.695665	0.000264515
0.696032	0.000263592
0.6964	0.000262663
0.696767	0.000261727
0.697135	0.000260786
0.697502	0.000259838
0.69787	0.000258884
0.698237	0.000257925
0.698605	0.000256961
0.698972	0.000255991
0.69934	0.000255016
0.699707	0.000254036
0.700075	0.000253051
0.700442	0.000252062
0.70081	0.000251068
0.701177	0.00025007
0.701545	0.000249068
0.701912	0.000248062
0.70228	0.000247053
0.702647	0.000246039
0.703015	0.000245023
0.703382	0.000244003
0.70375	0.000242979
0.704117	0.000241953
0.704485	0.000240924
0.704852	0.000239893
0.705219	0.000238859
0.705587	0.000237822
0.705954	0.000236784
0.706322	0.000235743
0.706689	0.0002347
0.707057	0.000233656
0.707424	0.00023261
0.707792	0.000231563
0.708159	0.000230514
0.708527	0.000229464
0.708894	0.000228413
0.709262	0.000227361
0.709629	0.000226308
0.709997	0.000225254
0.710364	0.0002242
0.710732	0.000223146
0.711099	0.000222091
0.711467	0.000221036
0.711834	0.000219981
0.712202	0.000218926
0.712569	0.000217872
0.712937	0.000216817
0.713304	0.000215763
0.713672	0.00021471
0.714039	0.000213657
0.714407	0.000212605
0.714774	0.000211554
0.715142	0.000210504
0.715509	0.000209455
0.715877	0.000208407
0.716244	0.00020736
0.716612	0.000206315
0.716979	0.000205271
0.717347	0.000204229
0.717714	0.000203188
0.718082	0.000202149
0.718449	0.000201112
0.718817	0.000200077
0.719184	0.000199044
0.719552	0.000198013
0.719919	0.000196984
0.720287	0.000195957
0.720654	0.000194933
0.721022	0.000193911
0.721389	0.000192892
0.721757	0.000191875
0.722124	0.000190861
0.722492	0.00018985
0.722859	0.000188841
0.723227	0.000187835
0.723594	0.000186832
0.723962	0.000185832
0.724329	0.000184835
0.724697	0.000183841
0.725064	0.00018285
0.725432	0.000181863
0.725799	0.000180879
0.726167	0.000179898
0.726534	0.00017892
0.726902	0.000177946
0.727269	0.000176975
0.727637	0.000176008
0.728004	0.000175045
0.728372	0.000174085
0.728739	0.000173128
0.729107	0.000172176
0.729474	0.000171227
0.729842	0.000170282
0.730209	0.000169341
0.730577	0.000168404
0.730944	0.00016747
0.731312	0.000166541
0.731679	0.000165616
0.732046	0.000164694
0.732414	0.000163777
0.732781	0.000162864
0.733149	0.000161955
0.733516	0.00016105
0.733884	0.000160149
0.734251	0.000159252
0.734619	0.00015836
0.734986	0.000157472
