# Frequency (eV) 	 Current Real 	 Imaginary
0	-3.24838e-05	0
0.000367493	-3.24836e-05	-2.88555e-06
0.000734986	-3.24832e-05	-5.7711e-06
0.00110248	-3.24826e-05	-8.65665e-06
0.00146997	-3.24817e-05	-1.15422e-05
0.00183747	-3.24805e-05	-1.44278e-05
0.00220496	-3.24791e-05	-1.73134e-05
0.00257245	-3.24774e-05	-2.01991e-05
0.00293995	-3.24755e-05	-2.30847e-05
0.00330744	-3.24733e-05	-2.59704e-05
0.00367493	-3.24708e-05	-2.88561e-05
0.00404243	-3.24681e-05	-3.17419e-05
0.00440992	-3.24652e-05	-3.46277e-05
0.00477741	-3.2462e-05	-3.75136e-05
0.00514491	-3.24586e-05	-4.03995e-05
0.0055124	-3.24549e-05	-4.32855e-05
0.00587989	-3.24509e-05	-4.61716e-05
0.00624738	-3.24468e-05	-4.90577e-05
0.00661488	-3.24423e-05	-5.19439e-05
0.00698237	-3.24377e-05	-5.48302e-05
0.00734986	-3.24328e-05	-5.77165e-05
0.00771736	-3.24277e-05	-6.0603e-05
0.00808485	-3.24223e-05	-6.34895e-05
0.00845234	-3.24168e-05	-6.63762e-05
0.00881984	-3.2411e-05	-6.92629e-05
0.00918733	-3.2405e-05	-7.21498e-05
0.00955482	-3.23987e-05	-7.50367e-05
0.00992232	-3.23923e-05	-7.79238e-05
0.0102898	-3.23856e-05	-8.0811e-05
0.0106573	-3.23788e-05	-8.36984e-05
0.0110248	-3.23717e-05	-8.65859e-05
0.0113923	-3.23644e-05	-8.94735e-05
0.0117598	-3.2357e-05	-9.23613e-05
0.0121273	-3.23493e-05	-9.52493e-05
0.0124948	-3.23415e-05	-9.81374e-05
0.0128623	-3.23335e-05	-0.000101026
0.0132298	-3.23253e-05	-0.000103914
0.0135972	-3.23169e-05	-0.000106803
0.0139647	-3.23084e-05	-0.000109692
0.0143322	-3.22996e-05	-0.000112581
0.0146997	-3.22908e-05	-0.00011547
0.0150672	-3.22817e-05	-0.000118359
0.0154347	-3.22725e-05	-0.000121249
0.0158022	-3.22632e-05	-0.000124139
0.0161697	-3.22537e-05	-0.000127029
0.0165372	-3.22441e-05	-0.00012992
0.0169047	-3.22343e-05	-0.00013281
0.0172722	-3.22244e-05	-0.000135701
0.0176397	-3.22144e-05	-0.000138592
0.0180072	-3.22043e-05	-0.000141484
0.0183747	-3.2194e-05	-0.000144376
0.0187422	-3.21836e-05	-0.000147268
0.0191096	-3.21732e-05	-0.00015016
0.0194771	-3.21626e-05	-0.000153053
0.0198446	-3.21519e-05	-0.000155946
0.0202121	-3.21411e-05	-0.000158839
0.0205796	-3.21302e-05	-0.000161733
0.0209471	-3.21193e-05	-0.000164627
0.0213146	-3.21082e-05	-0.000167522
0.0216821	-3.20971e-05	-0.000170416
0.0220496	-3.20859e-05	-0.000173312
0.0224171	-3.20746e-05	-0.000176207
0.0227846	-3.20633e-05	-0.000179103
0.0231521	-3.20519e-05	-0.000182
0.0235196	-3.20404e-05	-0.000184897
0.0238871	-3.20289e-05	-0.000187794
0.0242546	-3.20174e-05	-0.000190692
0.024622	-3.20057e-05	-0.000193591
0.0249895	-3.19941e-05	-0.000196489
0.025357	-3.19824e-05	-0.000199389
0.0257245	-3.19707e-05	-0.000202289
0.026092	-3.19589e-05	-0.000205189
0.0264595	-3.19471e-05	-0.00020809
0.026827	-3.19353e-05	-0.000210991
0.0271945	-3.19235e-05	-0.000213893
0.027562	-3.19116e-05	-0.000216796
0.0279295	-3.18998e-05	-0.000219699
0.028297	-3.18879e-05	-0.000222603
0.0286645	-3.1876e-05	-0.000225508
0.029032	-3.1864e-05	-0.000228413
0.0293995	-3.18521e-05	-0.000231318
0.029767	-3.18402e-05	-0.000234225
0.0301344	-3.18282e-05	-0.000237132
0.0305019	-3.18163e-05	-0.00024004
0.0308694	-3.18043e-05	-0.000242948
0.0312369	-3.17924e-05	-0.000245857
0.0316044	-3.17804e-05	-0.000248767
0.0319719	-3.17685e-05	-0.000251678
0.0323394	-3.17565e-05	-0.00025459
0.0327069	-3.17446e-05	-0.000257502
0.0330744	-3.17327e-05	-0.000260415
0.0334419	-3.17207e-05	-0.000263329
0.0338094	-3.17088e-05	-0.000266244
0.0341769	-3.16968e-05	-0.000269159
0.0345444	-3.16849e-05	-0.000272076
0.0349119	-3.16729e-05	-0.000274993
0.0352793	-3.1661e-05	-0.000277912
0.0356468	-3.1649e-05	-0.000280831
0.0360143	-3.16371e-05	-0.000283751
0.0363818	-3.16251e-05	-0.000286672
0.0367493	-3.16132e-05	-0.000289594
0.0371168	-3.16012e-05	-0.000292517
0.0374843	-3.15892e-05	-0.000295441
0.0378518	-3.15772e-05	-0.000298366
0.0382193	-3.15651e-05	-0.000301292
0.0385868	-3.15531e-05	-0.000304219
0.0389543	-3.1541e-05	-0.000307148
0.0393218	-3.15289e-05	-0.000310077
0.0396893	-3.15167e-05	-0.000313007
0.0400568	-3.15046e-05	-0.000315939
0.0404243	-3.14923e-05	-0.000318871
0.0407917	-3.14801e-05	-0.000321805
0.0411592	-3.14677e-05	-0.00032474
0.0415267	-3.14554e-05	-0.000327676
0.0418942	-3.14429e-05	-0.000330614
0.0422617	-3.14304e-05	-0.000333552
0.0426292	-3.14178e-05	-0.000336492
0.0429967	-3.14051e-05	-0.000339433
0.0433642	-3.13924e-05	-0.000342376
0.0437317	-3.13795e-05	-0.000345319
0.0440992	-3.13666e-05	-0.000348264
0.0444667	-3.13535e-05	-0.00035121
0.0448342	-3.13403e-05	-0.000354158
0.0452017	-3.1327e-05	-0.000357107
0.0455692	-3.13136e-05	-0.000360057
0.0459367	-3.13e-05	-0.000363009
0.0463041	-3.12862e-05	-0.000365962
0.0466716	-3.12723e-05	-0.000368917
0.0470391	-3.12583e-05	-0.000371873
0.0474066	-3.1244e-05	-0.00037483
0.0477741	-3.12296e-05	-0.000377789
0.0481416	-3.1215e-05	-0.000380749
0.0485091	-3.12001e-05	-0.000383711
0.0488766	-3.11851e-05	-0.000386674
0.0492441	-3.11698e-05	-0.000389639
0.0496116	-3.11543e-05	-0.000392605
0.0499791	-3.11385e-05	-0.000395573
0.0503466	-3.11225e-05	-0.000398543
0.0507141	-3.11062e-05	-0.000401514
0.0510816	-3.10896e-05	-0.000404487
0.0514491	-3.10727e-05	-0.000407461
0.0518165	-3.10555e-05	-0.000410437
0.052184	-3.10379e-05	-0.000413415
0.0525515	-3.10201e-05	-0.000416394
0.052919	-3.10019e-05	-0.000419375
0.0532865	-3.09833e-05	-0.000422357
0.053654	-3.09644e-05	-0.000425341
0.0540215	-3.0945e-05	-0.000428327
0.054389	-3.09253e-05	-0.000431315
0.0547565	-3.09051e-05	-0.000434304
0.055124	-3.08846e-05	-0.000437296
0.0554915	-3.08635e-05	-0.000440288
0.055859	-3.08421e-05	-0.000443283
0.0562265	-3.08201e-05	-0.000446279
0.056594	-3.07977e-05	-0.000449278
0.0569614	-3.07747e-05	-0.000452278
0.0573289	-3.07513e-05	-0.000455279
0.0576964	-3.07273e-05	-0.000458283
0.0580639	-3.07028e-05	-0.000461288
0.0584314	-3.06777e-05	-0.000464295
0.0587989	-3.0652e-05	-0.000467305
0.0591664	-3.06258e-05	-0.000470315
0.0595339	-3.05989e-05	-0.000473328
0.0599014	-3.05714e-05	-0.000476343
0.0602689	-3.05433e-05	-0.000479359
0.0606364	-3.05145e-05	-0.000482378
0.0610039	-3.0485e-05	-0.000485398
0.0613714	-3.04549e-05	-0.00048842
0.0617389	-3.0424e-05	-0.000491444
0.0621064	-3.03925e-05	-0.00049447
0.0624738	-3.03602e-05	-0.000497498
0.0628413	-3.03271e-05	-0.000500528
0.0632088	-3.02933e-05	-0.000503559
0.0635763	-3.02587e-05	-0.000506593
0.0639438	-3.02233e-05	-0.000509629
0.0643113	-3.01871e-05	-0.000512666
0.0646788	-3.015e-05	-0.000515706
0.0650463	-3.01121e-05	-0.000518747
0.0654138	-3.00733e-05	-0.00052179
0.0657813	-3.00337e-05	-0.000524836
0.0661488	-2.99932e-05	-0.000527883
0.0665163	-2.99517e-05	-0.000530932
0.0668838	-2.99093e-05	-0.000533983
0.0672513	-2.9866e-05	-0.000537036
0.0676188	-2.98217e-05	-0.000540091
0.0679862	-2.97764e-05	-0.000543148
0.0683537	-2.97302e-05	-0.000546207
0.0687212	-2.96829e-05	-0.000549268
0.0690887	-2.96346e-05	-0.000552331
0.0694562	-2.95853e-05	-0.000555396
0.0698237	-2.95349e-05	-0.000558463
0.0701912	-2.94834e-05	-0.000561531
0.0705587	-2.94309e-05	-0.000564602
0.0709262	-2.93772e-05	-0.000567675
0.0712937	-2.93225e-05	-0.000570749
0.0716612	-2.92666e-05	-0.000573826
0.0720287	-2.92096e-05	-0.000576904
0.0723962	-2.91514e-05	-0.000579985
0.0727637	-2.9092e-05	-0.000583067
0.0731312	-2.90314e-05	-0.000586152
0.0734986	-2.89697e-05	-0.000589238
0.0738661	-2.89067e-05	-0.000592326
0.0742336	-2.88425e-05	-0.000595416
0.0746011	-2.87771e-05	-0.000598508
0.0749686	-2.87104e-05	-0.000601602
0.0753361	-2.86425e-05	-0.000604698
0.0757036	-2.85732e-05	-0.000607796
0.0760711	-2.85027e-05	-0.000610896
0.0764386	-2.84309e-05	-0.000613997
0.0768061	-2.83578e-05	-0.000617101
0.0771736	-2.82833e-05	-0.000620206
0.0775411	-2.82075e-05	-0.000623313
0.0779086	-2.81303e-05	-0.000626422
0.0782761	-2.80518e-05	-0.000629533
0.0786435	-2.79719e-05	-0.000632646
0.079011	-2.78907e-05	-0.000635761
0.0793785	-2.7808e-05	-0.000638877
0.079746	-2.7724e-05	-0.000641996
0.0801135	-2.76385e-05	-0.000645116
0.080481	-2.75517e-05	-0.000648238
0.0808485	-2.74634e-05	-0.000651362
0.081216	-2.73736e-05	-0.000654487
0.0815835	-2.72825e-05	-0.000657615
0.081951	-2.71898e-05	-0.000660744
0.0823185	-2.70958e-05	-0.000663875
0.082686	-2.70002e-05	-0.000667007
0.0830535	-2.69032e-05	-0.000670142
0.083421	-2.68047e-05	-0.000673278
0.0837885	-2.67048e-05	-0.000676416
0.0841559	-2.66033e-05	-0.000679555
0.0845234	-2.65004e-05	-0.000682697
0.0848909	-2.6396e-05	-0.000685839
0.0852584	-2.629e-05	-0.000688984
0.0856259	-2.61826e-05	-0.000692131
0.0859934	-2.60736e-05	-0.000695279
0.0863609	-2.59632e-05	-0.000698428
0.0867284	-2.58512e-05	-0.00070158
0.0870959	-2.57377e-05	-0.000704733
0.0874634	-2.56228e-05	-0.000707887
0.0878309	-2.55062e-05	-0.000711043
0.0881984	-2.53882e-05	-0.000714201
0.0885659	-2.52687e-05	-0.00071736
0.0889334	-2.51476e-05	-0.000720521
0.0893009	-2.5025e-05	-0.000723684
0.0896683	-2.49009e-05	-0.000726848
0.0900358	-2.47753e-05	-0.000730014
0.0904033	-2.46481e-05	-0.000733181
0.0907708	-2.45195e-05	-0.00073635
0.0911383	-2.43893e-05	-0.00073952
0.0915058	-2.42577e-05	-0.000742691
0.0918733	-2.41245e-05	-0.000745865
0.0922408	-2.39898e-05	-0.000749039
0.0926083	-2.38536e-05	-0.000752216
0.0929758	-2.3716e-05	-0.000755393
0.0933433	-2.35768e-05	-0.000758572
0.0937108	-2.34362e-05	-0.000761753
0.0940783	-2.32941e-05	-0.000764935
0.0944458	-2.31505e-05	-0.000768118
0.0948133	-2.30055e-05	-0.000771303
0.0951807	-2.2859e-05	-0.000774489
0.0955482	-2.2711e-05	-0.000777677
0.0959157	-2.25617e-05	-0.000780866
0.0962832	-2.24108e-05	-0.000784056
0.0966507	-2.22586e-05	-0.000787248
0.0970182	-2.2105e-05	-0.000790441
0.0973857	-2.19499e-05	-0.000793635
0.0977532	-2.17934e-05	-0.000796831
0.0981207	-2.16356e-05	-0.000800028
0.0984882	-2.14764e-05	-0.000803226
0.0988557	-2.13158e-05	-0.000806426
0.0992232	-2.11539e-05	-0.000809627
0.0995907	-2.09907e-05	-0.000812829
0.0999582	-2.08261e-05	-0.000816033
0.100326	-2.06602e-05	-0.000819238
0.100693	-2.0493e-05	-0.000822444
0.101061	-2.03245e-05	-0.000825651
0.101428	-2.01548e-05	-0.00082886
0.101796	-1.99838e-05	-0.00083207
0.102163	-1.98115e-05	-0.000835281
0.102531	-1.96381e-05	-0.000838494
0.102898	-1.94634e-05	-0.000841708
0.103266	-1.92875e-05	-0.000844923
0.103633	-1.91104e-05	-0.000848139
0.104001	-1.89322e-05	-0.000851357
0.104368	-1.87528e-05	-0.000854575
0.104736	-1.85723e-05	-0.000857796
0.105103	-1.83907e-05	-0.000861017
0.105471	-1.8208e-05	-0.000864239
0.105838	-1.80242e-05	-0.000867463
0.106206	-1.78394e-05	-0.000870688
0.106573	-1.76535e-05	-0.000873914
0.106941	-1.74666e-05	-0.000877142
0.107308	-1.72787e-05	-0.000880371
0.107676	-1.70898e-05	-0.000883601
0.108043	-1.68999e-05	-0.000886832
0.108411	-1.67091e-05	-0.000890064
0.108778	-1.65174e-05	-0.000893298
0.109145	-1.63248e-05	-0.000896533
0.109513	-1.61313e-05	-0.000899769
0.10988	-1.59369e-05	-0.000903007
0.110248	-1.57417e-05	-0.000906246
0.110615	-1.55456e-05	-0.000909486
0.110983	-1.53488e-05	-0.000912727
0.11135	-1.51512e-05	-0.00091597
0.111718	-1.49528e-05	-0.000919214
0.112085	-1.47537e-05	-0.000922459
0.112453	-1.45538e-05	-0.000925706
0.11282	-1.43533e-05	-0.000928954
0.113188	-1.41521e-05	-0.000932203
0.113555	-1.39502e-05	-0.000935454
0.113923	-1.37478e-05	-0.000938706
0.11429	-1.35447e-05	-0.000941959
0.114658	-1.3341e-05	-0.000945214
0.115025	-1.31368e-05	-0.00094847
0.115393	-1.2932e-05	-0.000951728
0.11576	-1.27267e-05	-0.000954987
0.116128	-1.25209e-05	-0.000958247
0.116495	-1.23146e-05	-0.000961509
0.116863	-1.21078e-05	-0.000964773
0.11723	-1.19007e-05	-0.000968038
0.117598	-1.16931e-05	-0.000971304
0.117965	-1.14851e-05	-0.000974572
0.118333	-1.12767e-05	-0.000977842
0.1187	-1.1068e-05	-0.000981113
0.119068	-1.0859e-05	-0.000984386
0.119435	-1.06496e-05	-0.00098766
0.119803	-1.044e-05	-0.000990937
0.12017	-1.02301e-05	-0.000994214
0.120538	-1.00199e-05	-0.000997494
0.120905	-9.80954e-06	-0.00100078
0.121273	-9.59895e-06	-0.00100406
0.12164	-9.38815e-06	-0.00100734
0.122008	-9.17719e-06	-0.00101063
0.122375	-8.96607e-06	-0.00101392
0.122743	-8.75481e-06	-0.00101721
0.12311	-8.54343e-06	-0.0010205
0.123478	-8.33195e-06	-0.00102379
0.123845	-8.12038e-06	-0.00102709
0.124213	-7.90875e-06	-0.00103039
0.12458	-7.69705e-06	-0.00103369
0.124948	-7.48533e-06	-0.00103699
0.125315	-7.27357e-06	-0.00104029
0.125683	-7.06181e-06	-0.0010436
0.12605	-6.85006e-06	-0.00104691
0.126418	-6.63832e-06	-0.00105022
0.126785	-6.42661e-06	-0.00105353
0.127153	-6.21495e-06	-0.00105685
0.12752	-6.00334e-06	-0.00106016
0.127888	-5.7918e-06	-0.00106348
0.128255	-5.58034e-06	-0.0010668
0.128623	-5.36896e-06	-0.00107013
0.12899	-5.15768e-06	-0.00107346
0.129358	-4.9465e-06	-0.00107678
0.129725	-4.73543e-06	-0.00108012
0.130093	-4.52449e-06	-0.00108345
0.13046	-4.31367e-06	-0.00108679
0.130828	-4.10298e-06	-0.00109013
0.131195	-3.89242e-06	-0.00109347
0.131563	-3.682e-06	-0.00109681
0.13193	-3.47173e-06	-0.00110016
0.132298	-3.2616e-06	-0.00110351
0.132665	-3.05162e-06	-0.00110686
0.133033	-2.84179e-06	-0.00111022
0.1334	-2.6321e-06	-0.00111358
0.133768	-2.42256e-06	-0.00111694
0.134135	-2.21316e-06	-0.00112031
0.134503	-2.00391e-06	-0.00112367
0.13487	-1.79479e-06	-0.00112705
0.135238	-1.5858e-06	-0.00113042
0.135605	-1.37694e-06	-0.0011338
0.135972	-1.1682e-06	-0.00113718
0.13634	-9.59573e-07	-0.00114056
0.136707	-7.51048e-07	-0.00114395
0.137075	-5.42616e-07	-0.00114734
0.137442	-3.34267e-07	-0.00115074
0.13781	-1.25989e-07	-0.00115413
0.138177	8.2231e-08	-0.00115754
0.138545	2.90407e-07	-0.00116094
0.138912	4.98554e-07	-0.00116435
0.13928	7.06687e-07	-0.00116776
0.139647	9.14825e-07	-0.00117118
0.140015	1.12299e-06	-0.0011746
0.140382	1.33119e-06	-0.00117802
0.14075	1.53945e-06	-0.00118145
0.141117	1.7478e-06	-0.00118488
0.141485	1.95625e-06	-0.00118831
0.141852	2.16484e-06	-0.00119175
0.14222	2.37358e-06	-0.0011952
0.142587	2.5825e-06	-0.00119864
0.142955	2.79163e-06	-0.0012021
0.143322	3.00099e-06	-0.00120555
0.14369	3.21062e-06	-0.00120901
0.144057	3.42055e-06	-0.00121248
0.144425	3.63081e-06	-0.00121595
0.144792	3.84143e-06	-0.00121942
0.14516	4.05244e-06	-0.0012229
0.145527	4.26389e-06	-0.00122638
0.145895	4.4758e-06	-0.00122986
0.146262	4.68822e-06	-0.00123336
0.14663	4.90118e-06	-0.00123685
0.146997	5.11472e-06	-0.00124035
0.147365	5.32889e-06	-0.00124386
0.147732	5.54372e-06	-0.00124737
0.1481	5.75926e-06	-0.00125088
0.148467	5.97555e-06	-0.0012544
0.148835	6.19264e-06	-0.00125792
0.149202	6.41057e-06	-0.00126145
0.14957	6.6294e-06	-0.00126499
0.149937	6.84916e-06	-0.00126853
0.150305	7.06991e-06	-0.00127207
0.150672	7.2917e-06	-0.00127562
0.15104	7.51458e-06	-0.00127917
0.151407	7.7386e-06	-0.00128273
0.151775	7.96382e-06	-0.00128629
0.152142	8.19029e-06	-0.00128986
0.15251	8.41806e-06	-0.00129344
0.152877	8.6472e-06	-0.00129702
0.153245	8.87775e-06	-0.0013006
0.153612	9.10977e-06	-0.00130419
0.15398	9.34333e-06	-0.00130779
0.154347	9.57848e-06	-0.00131139
0.154715	9.81529e-06	-0.00131499
0.155082	1.00538e-05	-0.00131861
0.15545	1.02941e-05	-0.00132222
0.155817	1.05362e-05	-0.00132584
0.156185	1.07803e-05	-0.00132947
0.156552	1.10263e-05	-0.0013331
0.15692	1.12743e-05	-0.00133674
0.157287	1.15244e-05	-0.00134039
0.157655	1.17767e-05	-0.00134403
0.158022	1.20312e-05	-0.00134769
0.15839	1.22879e-05	-0.00135135
0.158757	1.25471e-05	-0.00135501
0.159125	1.28086e-05	-0.00135869
0.159492	1.30727e-05	-0.00136236
0.15986	1.33393e-05	-0.00136604
0.160227	1.36086e-05	-0.00136973
0.160595	1.38805e-05	-0.00137342
0.160962	1.41552e-05	-0.00137712
0.16133	1.44327e-05	-0.00138083
0.161697	1.47131e-05	-0.00138453
0.162065	1.49965e-05	-0.00138825
0.162432	1.52829e-05	-0.00139197
0.162799	1.55725e-05	-0.00139569
0.163167	1.58652e-05	-0.00139943
0.163534	1.61611e-05	-0.00140316
0.163902	1.64604e-05	-0.0014069
0.164269	1.6763e-05	-0.00141065
0.164637	1.70691e-05	-0.0014144
0.165004	1.73787e-05	-0.00141816
0.165372	1.76919e-05	-0.00142192
0.165739	1.80087e-05	-0.00142569
0.166107	1.83293e-05	-0.00142947
0.166474	1.86536e-05	-0.00143324
0.166842	1.89818e-05	-0.00143703
0.167209	1.93138e-05	-0.00144082
0.167577	1.96499e-05	-0.00144461
0.167944	1.999e-05	-0.00144841
0.168312	2.03342e-05	-0.00145221
0.168679	2.06825e-05	-0.00145602
0.169047	2.10351e-05	-0.00145984
0.169414	2.13919e-05	-0.00146366
0.169782	2.17531e-05	-0.00146748
0.170149	2.21187e-05	-0.00147131
0.170517	2.24888e-05	-0.00147514
0.170884	2.28633e-05	-0.00147898
0.171252	2.32424e-05	-0.00148282
0.171619	2.36262e-05	-0.00148667
0.171987	2.40146e-05	-0.00149052
0.172354	2.44077e-05	-0.00149438
0.172722	2.48057e-05	-0.00149824
0.173089	2.52084e-05	-0.00150211
0.173457	2.5616e-05	-0.00150598
0.173824	2.60285e-05	-0.00150985
0.174192	2.6446e-05	-0.00151373
0.174559	2.68684e-05	-0.00151761
0.174927	2.72959e-05	-0.0015215
0.175294	2.77285e-05	-0.00152539
0.175662	2.81662e-05	-0.00152928
0.176029	2.8609e-05	-0.00153318
0.176397	2.9057e-05	-0.00153708
0.176764	2.95103e-05	-0.00154099
0.177132	2.99687e-05	-0.00154489
0.177499	3.04325e-05	-0.00154881
0.177867	3.09015e-05	-0.00155272
0.178234	3.13759e-05	-0.00155664
0.178602	3.18556e-05	-0.00156057
0.178969	3.23406e-05	-0.00156449
0.179337	3.2831e-05	-0.00156842
0.179704	3.33268e-05	-0.00157235
0.180072	3.3828e-05	-0.00157629
0.180439	3.43347e-05	-0.00158023
0.180807	3.48467e-05	-0.00158417
0.181174	3.53642e-05	-0.00158811
0.181542	3.5887e-05	-0.00159206
0.181909	3.64154e-05	-0.00159601
0.182277	3.69491e-05	-0.00159996
0.182644	3.74883e-05	-0.00160391
0.183012	3.80329e-05	-0.00160787
0.183379	3.85829e-05	-0.00161183
0.183747	3.91382e-05	-0.00161579
0.184114	3.9699e-05	-0.00161975
0.184482	4.02652e-05	-0.00162371
0.184849	4.08366e-05	-0.00162768
0.185217	4.14134e-05	-0.00163165
0.185584	4.19955e-05	-0.00163562
0.185952	4.25829e-05	-0.00163959
0.186319	4.31755e-05	-0.00164356
0.186687	4.37734e-05	-0.00164754
0.187054	4.43764e-05	-0.00165151
0.187422	4.49845e-05	-0.00165549
0.187789	4.55978e-05	-0.00165947
0.188157	4.62161e-05	-0.00166345
0.188524	4.68394e-05	-0.00166743
0.188892	4.74677e-05	-0.00167141
0.189259	4.81009e-05	-0.00167539
0.189627	4.87389e-05	-0.00167938
0.189994	4.93818e-05	-0.00168336
0.190361	5.00294e-05	-0.00168735
0.190729	5.06817e-05	-0.00169133
0.191096	5.13386e-05	-0.00169532
0.191464	5.2e-05	-0.0016993
0.191831	5.2666e-05	-0.00170329
0.192199	5.33364e-05	-0.00170728
0.192566	5.40111e-05	-0.00171126
0.192934	5.46901e-05	-0.00171525
0.193301	5.53733e-05	-0.00171924
0.193669	5.60606e-05	-0.00172322
0.194036	5.6752e-05	-0.00172721
0.194404	5.74473e-05	-0.0017312
0.194771	5.81464e-05	-0.00173518
0.195139	5.88493e-05	-0.00173917
0.195506	5.9556e-05	-0.00174316
0.195874	6.02661e-05	-0.00174714
0.196241	6.09798e-05	-0.00175113
0.196609	6.16969e-05	-0.00175511
0.196976	6.24173e-05	-0.0017591
0.197344	6.31409e-05	-0.00176308
0.197711	6.38676e-05	-0.00176706
0.198079	6.45972e-05	-0.00177105
0.198446	6.53298e-05	-0.00177503
0.198814	6.60651e-05	-0.00177901
0.199181	6.68031e-05	-0.00178299
0.199549	6.75437e-05	-0.00178697
0.199916	6.82867e-05	-0.00179095
0.200284	6.9032e-05	-0.00179493
0.200651	6.97796e-05	-0.00179891
0.201019	7.05292e-05	-0.00180289
0.201386	7.12809e-05	-0.00180686
0.201754	7.20344e-05	-0.00181084
0.202121	7.27896e-05	-0.00181481
0.202489	7.35465e-05	-0.00181879
0.202856	7.43049e-05	-0.00182276
0.203224	7.50647e-05	-0.00182673
0.203591	7.58258e-05	-0.0018307
0.203959	7.65879e-05	-0.00183467
0.204326	7.73511e-05	-0.00183864
0.204694	7.81152e-05	-0.00184261
0.205061	7.88801e-05	-0.00184658
0.205429	7.96456e-05	-0.00185055
0.205796	8.04117e-05	-0.00185451
0.206164	8.11781e-05	-0.00185848
0.206531	8.19448e-05	-0.00186245
0.206899	8.27117e-05	-0.00186641
0.207266	8.34786e-05	-0.00187038
0.207634	8.42454e-05	-0.00187434
0.208001	8.5012e-05	-0.0018783
0.208369	8.57782e-05	-0.00188227
0.208736	8.6544e-05	-0.00188623
0.209104	8.73092e-05	-0.00189019
0.209471	8.80737e-05	-0.00189415
0.209839	8.88374e-05	-0.00189812
0.210206	8.96001e-05	-0.00190208
0.210574	9.03618e-05	-0.00190604
0.210941	9.11223e-05	-0.00191
0.211309	9.18815e-05	-0.00191397
0.211676	9.26393e-05	-0.00191793
0.212044	9.33956e-05	-0.00192189
0.212411	9.41503e-05	-0.00192585
0.212779	9.49032e-05	-0.00192982
0.213146	9.56543e-05	-0.00193378
0.213514	9.64035e-05	-0.00193775
0.213881	9.71506e-05	-0.00194171
0.214249	9.78956e-05	-0.00194568
0.214616	9.86383e-05	-0.00194965
0.214984	9.93787e-05	-0.00195362
0.215351	0.000100117	-0.00195759
0.215719	0.000100852	-0.00196156
0.216086	0.000101585	-0.00196553
0.216454	0.000102315	-0.00196951
0.216821	0.000103042	-0.00197348
0.217188	0.000103767	-0.00197746
0.217556	0.000104488	-0.00198144
0.217923	0.000105207	-0.00198542
0.218291	0.000105922	-0.00198941
0.218658	0.000106635	-0.0019934
0.219026	0.000107344	-0.00199739
0.219393	0.000108049	-0.00200138
0.219761	0.000108752	-0.00200537
0.220128	0.000109451	-0.00200937
0.220496	0.000110146	-0.00201337
0.220863	0.000110838	-0.00201738
0.221231	0.000111527	-0.00202139
0.221598	0.000112212	-0.0020254
0.221966	0.000112893	-0.00202941
0.222333	0.000113571	-0.00203343
0.222701	0.000114245	-0.00203745
0.223068	0.000114915	-0.00204148
0.223436	0.000115581	-0.00204551
0.223803	0.000116244	-0.00204955
0.224171	0.000116903	-0.00205359
0.224538	0.000117558	-0.00205764
0.224906	0.00011821	-0.00206169
0.225273	0.000118857	-0.00206575
0.225641	0.000119501	-0.00206981
0.226008	0.000120141	-0.00207388
0.226376	0.000120777	-0.00207795
0.226743	0.00012141	-0.00208203
0.227111	0.000122038	-0.00208611
0.227478	0.000122663	-0.00209021
0.227846	0.000123284	-0.0020943
0.228213	0.000123902	-0.00209841
0.228581	0.000124516	-0.00210252
0.228948	0.000125126	-0.00210664
0.229316	0.000125733	-0.00211076
0.229683	0.000126337	-0.00211489
0.230051	0.000126936	-0.00211903
0.230418	0.000127533	-0.00212318
0.230786	0.000128126	-0.00212734
0.231153	0.000128716	-0.0021315
0.231521	0.000129302	-0.00213567
0.231888	0.000129886	-0.00213985
0.232256	0.000130466	-0.00214404
0.232623	0.000131044	-0.00214823
0.232991	0.000131619	-0.00215244
0.233358	0.00013219	-0.00215665
0.233726	0.000132759	-0.00216088
0.234093	0.000133326	-0.00216511
0.234461	0.00013389	-0.00216935
0.234828	0.000134451	-0.0021736
0.235196	0.000135011	-0.00217786
0.235563	0.000135568	-0.00218213
0.235931	0.000136123	-0.00218641
0.236298	0.000136676	-0.0021907
0.236666	0.000137227	-0.002195
0.237033	0.000137776	-0.00219931
0.237401	0.000138324	-0.00220363
0.237768	0.00013887	-0.00220797
0.238136	0.000139415	-0.00221231
0.238503	0.000139959	-0.00221666
0.238871	0.000140502	-0.00222102
0.239238	0.000141044	-0.0022254
0.239606	0.000141585	-0.00222978
0.239973	0.000142126	-0.00223418
0.240341	0.000142666	-0.00223859
0.240708	0.000143206	-0.00224301
0.241076	0.000143745	-0.00224744
0.241443	0.000144285	-0.00225188
0.241811	0.000144825	-0.00225634
0.242178	0.000145365	-0.0022608
0.242546	0.000145906	-0.00226528
0.242913	0.000146447	-0.00226977
0.243281	0.000146989	-0.00227427
0.243648	0.000147533	-0.00227879
0.244015	0.000148077	-0.00228331
0.244383	0.000148623	-0.00228785
0.24475	0.00014917	-0.0022924
0.245118	0.000149719	-0.00229696
0.245485	0.000150269	-0.00230154
0.245853	0.000150822	-0.00230612
0.24622	0.000151377	-0.00231072
0.246588	0.000151935	-0.00231533
0.246955	0.000152495	-0.00231996
0.247323	0.000153057	-0.00232459
0.24769	0.000153623	-0.00232924
0.248058	0.000154192	-0.0023339
0.248425	0.000154764	-0.00233857
0.248793	0.000155339	-0.00234326
0.24916	0.000155918	-0.00234796
0.249528	0.000156501	-0.00235267
0.249895	0.000157088	-0.00235739
0.250263	0.000157679	-0.00236212
0.25063	0.000158274	-0.00236687
0.250998	0.000158874	-0.00237163
0.251365	0.000159479	-0.0023764
0.251733	0.000160088	-0.00238119
0.2521	0.000160703	-0.00238598
0.252468	0.000161322	-0.00239079
0.252835	0.000161947	-0.00239561
0.253203	0.000162577	-0.00240044
0.25357	0.000163214	-0.00240528
0.253938	0.000163855	-0.00241014
0.254305	0.000164503	-0.00241501
0.254673	0.000165157	-0.00241989
0.25504	0.000165818	-0.00242478
0.255408	0.000166484	-0.00242968
0.255775	0.000167158	-0.00243459
0.256143	0.000167838	-0.00243952
0.25651	0.000168525	-0.00244445
0.256878	0.000169218	-0.0024494
0.257245	0.00016992	-0.00245436
0.257613	0.000170628	-0.00245933
0.25798	0.000171343	-0.00246431
0.258348	0.000172067	-0.0024693
0.258715	0.000172797	-0.0024743
0.259083	0.000173536	-0.00247931
0.25945	0.000174282	-0.00248434
0.259818	0.000175037	-0.00248937
0.260185	0.000175799	-0.00249441
0.260553	0.00017657	-0.00249946
0.26092	0.000177348	-0.00250453
0.261288	0.000178135	-0.0025096
0.261655	0.000178931	-0.00251468
0.262023	0.000179735	-0.00251977
0.26239	0.000180548	-0.00252487
0.262758	0.000181369	-0.00252998
0.263125	0.000182199	-0.0025351
0.263493	0.000183038	-0.00254023
0.26386	0.000183886	-0.00254536
0.264228	0.000184742	-0.00255051
0.264595	0.000185608	-0.00255566
0.264963	0.000186482	-0.00256082
0.26533	0.000187366	-0.00256599
0.265698	0.000188258	-0.00257117
0.266065	0.00018916	-0.00257635
0.266433	0.000190071	-0.00258154
0.2668	0.00019099	-0.00258674
0.267168	0.000191919	-0.00259195
0.267535	0.000192857	-0.00259716
0.267903	0.000193805	-0.00260239
0.26827	0.000194761	-0.00260761
0.268638	0.000195726	-0.00261285
0.269005	0.000196701	-0.00261809
0.269373	0.000197684	-0.00262334
0.26974	0.000198677	-0.00262859
0.270108	0.000199679	-0.00263385
0.270475	0.000200689	-0.00263911
0.270843	0.000201709	-0.00264438
0.27121	0.000202738	-0.00264966
0.271577	0.000203775	-0.00265494
0.271945	0.000204821	-0.00266023
0.272312	0.000205876	-0.00266552
0.27268	0.000206939	-0.00267082
0.273047	0.000208011	-0.00267612
0.273415	0.000209092	-0.00268143
0.273782	0.000210181	-0.00268674
0.27415	0.000211278	-0.00269205
0.274517	0.000212384	-0.00269737
0.274885	0.000213497	-0.00270269
0.275252	0.000214619	-0.00270802
0.27562	0.000215749	-0.00271335
0.275987	0.000216886	-0.00271869
0.276355	0.000218031	-0.00272403
0.276722	0.000219184	-0.00272937
0.27709	0.000220344	-0.00273472
0.277457	0.000221512	-0.00274006
0.277825	0.000222686	-0.00274542
0.278192	0.000223868	-0.00275077
0.27856	0.000225057	-0.00275613
0.278927	0.000226253	-0.00276149
0.279295	0.000227455	-0.00276685
0.279662	0.000228663	-0.00277222
0.28003	0.000229878	-0.00277759
0.280397	0.000231099	-0.00278296
0.280765	0.000232326	-0.00278834
0.281132	0.000233559	-0.00279371
0.2815	0.000234798	-0.00279909
0.281867	0.000236042	-0.00280447
0.282235	0.000237292	-0.00280986
0.282602	0.000238547	-0.00281524
0.28297	0.000239806	-0.00282063
0.283337	0.000241071	-0.00282602
0.283705	0.00024234	-0.00283142
0.284072	0.000243613	-0.00283681
0.28444	0.000244891	-0.00284221
0.284807	0.000246173	-0.00284761
0.285175	0.000247459	-0.00285301
0.285542	0.000248749	-0.00285841
0.28591	0.000250042	-0.00286382
0.286277	0.000251338	-0.00286922
0.286645	0.000252638	-0.00287463
0.287012	0.00025394	-0.00288005
0.28738	0.000255245	-0.00288546
0.287747	0.000256553	-0.00289088
0.288115	0.000257863	-0.0028963
0.288482	0.000259176	-0.00290172
0.28885	0.00026049	-0.00290714
0.289217	0.000261806	-0.00291257
0.289585	0.000263124	-0.00291799
0.289952	0.000264443	-0.00292343
0.29032	0.000265763	-0.00292886
0.290687	0.000267085	-0.0029343
0.291055	0.000268407	-0.00293974
0.291422	0.00026973	-0.00294518
0.29179	0.000271054	-0.00295062
0.292157	0.000272377	-0.00295607
0.292525	0.000273701	-0.00296152
0.292892	0.000275025	-0.00296698
0.29326	0.000276349	-0.00297244
0.293627	0.000277672	-0.0029779
0.293995	0.000278994	-0.00298337
0.294362	0.000280316	-0.00298884
0.29473	0.000281637	-0.00299431
0.295097	0.000282957	-0.00299979
0.295465	0.000284275	-0.00300528
0.295832	0.000285593	-0.00301076
0.2962	0.000286908	-0.00301626
0.296567	0.000288222	-0.00302175
0.296935	0.000289535	-0.00302726
0.297302	0.000290845	-0.00303277
0.29767	0.000292153	-0.00303828
0.298037	0.000293459	-0.0030438
0.298404	0.000294762	-0.00304932
0.298772	0.000296063	-0.00305486
0.299139	0.000297361	-0.00306039
0.299507	0.000298657	-0.00306594
0.299874	0.00029995	-0.00307149
0.300242	0.000301239	-0.00307705
0.300609	0.000302526	-0.00308261
0.300977	0.00030381	-0.00308818
0.301344	0.00030509	-0.00309376
0.301712	0.000306367	-0.00309935
0.302079	0.00030764	-0.00310495
0.302447	0.00030891	-0.00311055
0.302814	0.000310177	-0.00311617
0.303182	0.00031144	-0.00312179
0.303549	0.000312699	-0.00312742
0.303917	0.000313955	-0.00313306
0.304284	0.000315206	-0.00313871
0.304652	0.000316454	-0.00314437
0.305019	0.000317698	-0.00315004
0.305387	0.000318938	-0.00315572
0.305754	0.000320175	-0.00316141
0.306122	0.000321407	-0.00316712
0.306489	0.000322635	-0.00317283
0.306857	0.00032386	-0.00317855
0.307224	0.00032508	-0.00318429
0.307592	0.000326297	-0.00319004
0.307959	0.00032751	-0.0031958
0.308327	0.000328719	-0.00320158
0.308694	0.000329924	-0.00320736
0.309062	0.000331125	-0.00321316
0.309429	0.000332322	-0.00321898
0.309797	0.000333516	-0.0032248
0.310164	0.000334706	-0.00323064
0.310532	0.000335893	-0.0032365
0.310899	0.000337075	-0.00324237
0.311267	0.000338255	-0.00324825
0.311634	0.000339431	-0.00325415
0.312002	0.000340603	-0.00326007
0.312369	0.000341773	-0.003266
0.312737	0.000342939	-0.00327194
0.313104	0.000344103	-0.0032779
0.313472	0.000345263	-0.00328388
0.313839	0.000346421	-0.00328988
0.314207	0.000347576	-0.00329589
0.314574	0.000348728	-0.00330192
0.314942	0.000349878	-0.00330797
0.315309	0.000351026	-0.00331403
0.315677	0.000352172	-0.00332011
0.316044	0.000353315	-0.00332621
0.316412	0.000354457	-0.00333233
0.316779	0.000355598	-0.00333847
0.317147	0.000356737	-0.00334463
0.317514	0.000357874	-0.0033508
0.317882	0.000359011	-0.003357
0.318249	0.000360146	-0.00336321
0.318617	0.000361281	-0.00336945
0.318984	0.000362415	-0.0033757
0.319352	0.000363549	-0.00338198
0.319719	0.000364683	-0.00338827
0.320087	0.000365817	-0.00339459
0.320454	0.000366951	-0.00340092
0.320822	0.000368085	-0.00340728
0.321189	0.000369221	-0.00341366
0.321557	0.000370357	-0.00342006
0.321924	0.000371495	-0.00342648
0.322292	0.000372634	-0.00343293
0.322659	0.000373774	-0.00343939
0.323027	0.000374917	-0.00344588
0.323394	0.000376062	-0.00345239
0.323762	0.000377209	-0.00345893
0.324129	0.000378359	-0.00346548
0.324497	0.000379511	-0.00347206
0.324864	0.000380667	-0.00347866
0.325232	0.000381827	-0.00348529
0.325599	0.00038299	-0.00349194
0.325966	0.000384157	-0.00349861
0.326334	0.000385328	-0.0035053
0.326701	0.000386504	-0.00351202
0.327069	0.000387685	-0.00351876
0.327436	0.00038887	-0.00352553
0.327804	0.000390061	-0.00353232
0.328171	0.000391258	-0.00353913
0.328539	0.000392461	-0.00354597
0.328906	0.000393669	-0.00355283
0.329274	0.000394885	-0.00355972
0.329641	0.000396107	-0.00356663
0.330009	0.000397336	-0.00357356
0.330376	0.000398572	-0.00358052
0.330744	0.000399816	-0.00358751
0.331111	0.000401068	-0.00359451
0.331479	0.000402328	-0.00360155
0.331846	0.000403596	-0.0036086
0.332214	0.000404873	-0.00361568
0.332581	0.000406159	-0.00362279
0.332949	0.000407455	-0.00362992
0.333316	0.00040876	-0.00363708
0.333684	0.000410075	-0.00364426
0.334051	0.0004114	-0.00365146
0.334419	0.000412735	-0.00365869
0.334786	0.000414082	-0.00366594
0.335154	0.000415439	-0.00367322
0.335521	0.000416807	-0.00368052
0.335889	0.000418187	-0.00368785
0.336256	0.000419579	-0.0036952
0.336624	0.000420983	-0.00370258
0.336991	0.000422399	-0.00370998
0.337359	0.000423827	-0.0037174
0.337726	0.000425269	-0.00372485
0.338094	0.000426723	-0.00373232
0.338461	0.000428191	-0.00373982
0.338829	0.000429673	-0.00374734
0.339196	0.000431168	-0.00375488
0.339564	0.000432677	-0.00376245
0.339931	0.000434201	-0.00377004
0.340299	0.000435739	-0.00377765
0.340666	0.000437292	-0.00378529
0.341034	0.00043886	-0.00379295
0.341401	0.000440444	-0.00380064
0.341769	0.000442042	-0.00380834
0.342136	0.000443657	-0.00381607
0.342504	0.000445287	-0.00382383
0.342871	0.000446933	-0.0038316
0.343239	0.000448595	-0.0038394
0.343606	0.000450274	-0.00384722
0.343974	0.00045197	-0.00385506
0.344341	0.000453682	-0.00386293
0.344709	0.000455412	-0.00387082
0.345076	0.000457158	-0.00387872
0.345444	0.000458922	-0.00388665
0.345811	0.000460703	-0.00389461
0.346179	0.000462502	-0.00390258
0.346546	0.000464319	-0.00391057
0.346914	0.000466154	-0.00391859
0.347281	0.000468006	-0.00392662
0.347649	0.000469877	-0.00393468
0.348016	0.000471767	-0.00394275
0.348384	0.000473675	-0.00395085
0.348751	0.000475601	-0.00395897
0.349119	0.000477546	-0.0039671
0.349486	0.00047951	-0.00397526
0.349854	0.000481492	-0.00398343
0.350221	0.000483494	-0.00399163
0.350589	0.000485515	-0.00399984
0.350956	0.000487554	-0.00400808
0.351324	0.000489613	-0.00401633
0.351691	0.000491692	-0.0040246
0.352059	0.000493789	-0.00403288
0.352426	0.000495906	-0.00404119
0.352793	0.000498042	-0.00404952
0.353161	0.000500198	-0.00405786
0.353528	0.000502373	-0.00406622
0.353896	0.000504568	-0.0040746
0.354263	0.000506782	-0.00408299
0.354631	0.000509015	-0.0040914
0.354998	0.000511268	-0.00409983
0.355366	0.000513541	-0.00410828
0.355733	0.000515833	-0.00411674
0.356101	0.000518145	-0.00412522
0.356468	0.000520476	-0.00413371
0.356836	0.000522826	-0.00414222
0.357203	0.000525196	-0.00415075
0.357571	0.000527585	-0.00415929
0.357938	0.000529994	-0.00416785
0.358306	0.000532422	-0.00417642
0.358673	0.000534869	-0.00418501
0.359041	0.000537335	-0.00419361
0.359408	0.00053982	-0.00420223
0.359776	0.000542325	-0.00421086
0.360143	0.000544848	-0.00421951
0.360511	0.00054739	-0.00422817
0.360878	0.00054995	-0.00423684
0.361246	0.00055253	-0.00424553
0.361613	0.000555127	-0.00425424
0.361981	0.000557744	-0.00426296
0.362348	0.000560378	-0.00427169
0.362716	0.000563031	-0.00428044
0.363083	0.000565702	-0.00428919
0.363451	0.000568391	-0.00429797
0.363818	0.000571097	-0.00430675
0.364186	0.000573821	-0.00431555
0.364553	0.000576563	-0.00432437
0.364921	0.000579322	-0.00433319
0.365288	0.000582098	-0.00434203
0.365656	0.000584892	-0.00435089
0.366023	0.000587702	-0.00435975
0.366391	0.000590529	-0.00436863
0.366758	0.000593372	-0.00437752
0.367126	0.000596232	-0.00438643
0.367493	0.000599109	-0.00439534
0.367861	0.000602001	-0.00440427
0.368228	0.000604909	-0.00441322
0.368596	0.000607833	-0.00442217
0.368963	0.000610772	-0.00443114
0.369331	0.000613727	-0.00444012
0.369698	0.000616697	-0.00444912
0.370066	0.000619682	-0.00445813
0.370433	0.000622681	-0.00446715
0.370801	0.000625695	-0.00447618
0.371168	0.000628724	-0.00448523
0.371536	0.000631767	-0.00449429
0.371903	0.000634823	-0.00450336
0.372271	0.000637894	-0.00451245
0.372638	0.000640978	-0.00452154
0.373006	0.000644075	-0.00453066
0.373373	0.000647186	-0.00453978
0.373741	0.00065031	-0.00454892
0.374108	0.000653446	-0.00455808
0.374476	0.000656595	-0.00456724
0.374843	0.000659757	-0.00457642
0.375211	0.00066293	-0.00458562
0.375578	0.000666116	-0.00459483
0.375946	0.000669313	-0.00460405
0.376313	0.000672523	-0.00461329
0.376681	0.000675743	-0.00462254
0.377048	0.000678975	-0.00463181
0.377416	0.000682218	-0.00464109
0.377783	0.000685472	-0.00465039
0.378151	0.000688736	-0.00465971
0.378518	0.000692011	-0.00466903
0.378886	0.000695297	-0.00467838
0.379253	0.000698592	-0.00468774
0.37962	0.000701898	-0.00469712
0.379988	0.000705214	-0.00470651
0.380355	0.000708539	-0.00471593
0.380723	0.000711874	-0.00472535
0.38109	0.000715218	-0.0047348
0.381458	0.000718571	-0.00474426
0.381825	0.000721934	-0.00475375
0.382193	0.000725305	-0.00476325
0.38256	0.000728686	-0.00477277
0.382928	0.000732075	-0.0047823
0.383295	0.000735473	-0.00479186
0.383663	0.000738879	-0.00480144
0.38403	0.000742294	-0.00481104
0.384398	0.000745717	-0.00482065
0.384765	0.000749148	-0.00483029
0.385133	0.000752587	-0.00483995
0.3855	0.000756034	-0.00484963
0.385868	0.00075949	-0.00485933
0.386235	0.000762953	-0.00486906
0.386603	0.000766424	-0.0048788
0.38697	0.000769903	-0.00488857
0.387338	0.00077339	-0.00489837
0.387705	0.000776885	-0.00490819
0.388073	0.000780387	-0.00491803
0.38844	0.000783897	-0.00492789
0.388808	0.000787415	-0.00493778
0.389175	0.000790941	-0.0049477
0.389543	0.000794474	-0.00495764
0.38991	0.000798015	-0.00496761
0.390278	0.000801564	-0.00497761
0.390645	0.000805121	-0.00498763
0.391013	0.000808686	-0.00499768
0.39138	0.000812258	-0.00500776
0.391748	0.000815839	-0.00501786
0.392115	0.000819428	-0.005028
0.392483	0.000823026	-0.00503816
0.39285	0.000826631	-0.00504836
0.393218	0.000830246	-0.00505859
0.393585	0.000833868	-0.00506884
0.393953	0.0008375	-0.00507913
0.39432	0.000841141	-0.00508945
0.394688	0.00084479	-0.0050998
0.395055	0.000848449	-0.00511019
0.395423	0.000852118	-0.00512061
0.39579	0.000855796	-0.00513106
0.396158	0.000859484	-0.00514155
0.396525	0.000863182	-0.00515207
0.396893	0.000866891	-0.00516263
0.39726	0.00087061	-0.00517322
0.397628	0.00087434	-0.00518385
0.397995	0.000878081	-0.00519452
0.398363	0.000881834	-0.00520522
0.39873	0.000885598	-0.00521597
0.399098	0.000889375	-0.00522675
0.399465	0.000893163	-0.00523757
0.399833	0.000896965	-0.00524842
0.4002	0.00090078	-0.00525932
0.400568	0.000904608	-0.00527026
0.400935	0.00090845	-0.00528124
0.401303	0.000912306	-0.00529226
0.40167	0.000916176	-0.00530332
0.402038	0.000920062	-0.00531443
0.402405	0.000923963	-0.00532557
0.402773	0.00092788	-0.00533676
0.40314	0.000931814	-0.005348
0.403508	0.000935764	-0.00535928
0.403875	0.000939731	-0.0053706
0.404243	0.000943717	-0.00538196
0.40461	0.00094772	-0.00539338
0.404978	0.000951742	-0.00540483
0.405345	0.000955784	-0.00541634
0.405713	0.000959845	-0.00542789
0.40608	0.000963927	-0.00543949
0.406448	0.000968029	-0.00545113
0.406815	0.000972154	-0.00546282
0.407182	0.0009763	-0.00547456
0.40755	0.000980468	-0.00548635
0.407917	0.000984661	-0.00549819
0.408285	0.000988876	-0.00551008
0.408652	0.000993117	-0.00552201
0.40902	0.000997382	-0.005534
0.409387	0.00100167	-0.00554604
0.409755	0.00100599	-0.00555812
0.410122	0.00101034	-0.00557026
0.41049	0.00101471	-0.00558245
0.410857	0.00101911	-0.00559469
0.411225	0.00102354	-0.00560698
0.411592	0.001028	-0.00561933
0.41196	0.00103249	-0.00563172
0.412327	0.00103701	-0.00564417
0.412695	0.00104156	-0.00565667
0.413062	0.00104615	-0.00566923
0.41343	0.00105077	-0.00568183
0.413797	0.00105542	-0.00569449
0.414165	0.00106011	-0.0057072
0.414532	0.00106483	-0.00571997
0.4149	0.00106959	-0.00573279
0.415267	0.00107439	-0.00574567
0.415635	0.00107923	-0.00575859
0.416002	0.0010841	-0.00577157
0.41637	0.00108901	-0.00578461
0.416737	0.00109397	-0.0057977
0.417105	0.00109896	-0.00581084
0.417472	0.001104	-0.00582404
0.41784	0.00110908	-0.00583729
0.418207	0.0011142	-0.0058506
0.418575	0.00111937	-0.00586396
0.418942	0.00112458	-0.00587737
0.41931	0.00112984	-0.00589084
0.419677	0.00113514	-0.00590437
0.420045	0.00114049	-0.00591794
0.420412	0.00114589	-0.00593157
0.42078	0.00115134	-0.00594526
0.421147	0.00115684	-0.005959
0.421515	0.00116238	-0.00597279
0.421882	0.00116798	-0.00598664
0.42225	0.00117364	-0.00600053
0.422617	0.00117934	-0.00601449
0.422985	0.0011851	-0.00602849
0.423352	0.00119091	-0.00604255
0.42372	0.00119678	-0.00605666
0.424087	0.0012027	-0.00607082
0.424455	0.00120868	-0.00608503
0.424822	0.00121472	-0.0060993
0.42519	0.00122082	-0.00611362
0.425557	0.00122697	-0.00612799
0.425925	0.00123319	-0.00614241
0.426292	0.00123947	-0.00615688
0.42666	0.0012458	-0.0061714
0.427027	0.0012522	-0.00618597
0.427395	0.00125866	-0.00620058
0.427762	0.00126519	-0.00621525
0.42813	0.00127178	-0.00622997
0.428497	0.00127843	-0.00624473
0.428865	0.00128515	-0.00625955
0.429232	0.00129194	-0.00627441
0.4296	0.00129879	-0.00628931
0.429967	0.00130571	-0.00630427
0.430335	0.00131269	-0.00631927
0.430702	0.00131975	-0.00633431
0.43107	0.00132688	-0.0063494
0.431437	0.00133407	-0.00636454
0.431805	0.00134134	-0.00637972
0.432172	0.00134867	-0.00639494
0.43254	0.00135608	-0.0064102
0.432907	0.00136356	-0.00642551
0.433275	0.00137111	-0.00644086
0.433642	0.00137874	-0.00645625
0.434009	0.00138644	-0.00647168
0.434377	0.00139421	-0.00648716
0.434744	0.00140206	-0.00650267
0.435112	0.00140998	-0.00651822
0.435479	0.00141798	-0.00653381
0.435847	0.00142605	-0.00654943
0.436214	0.0014342	-0.0065651
0.436582	0.00144243	-0.0065808
0.436949	0.00145073	-0.00659653
0.437317	0.00145911	-0.00661231
0.437684	0.00146757	-0.00662811
0.438052	0.0014761	-0.00664395
0.438419	0.00148472	-0.00665983
0.438787	0.00149341	-0.00667573
0.439154	0.00150218	-0.00669167
0.439522	0.00151103	-0.00670764
0.439889	0.00151996	-0.00672365
0.440257	0.00152897	-0.00673968
0.440624	0.00153806	-0.00675574
0.440992	0.00154723	-0.00677183
0.441359	0.00155648	-0.00678795
0.441727	0.00156581	-0.0068041
0.442094	0.00157521	-0.00682028
0.442462	0.0015847	-0.00683648
0.442829	0.00159427	-0.00685271
0.443197	0.00160392	-0.00686896
0.443564	0.00161365	-0.00688524
0.443932	0.00162346	-0.00690154
0.444299	0.00163335	-0.00691787
0.444667	0.00164333	-0.00693422
0.445034	0.00165338	-0.00695059
0.445402	0.00166351	-0.00696699
0.445769	0.00167372	-0.0069834
0.446137	0.00168402	-0.00699984
0.446504	0.00169439	-0.0070163
0.446872	0.00170484	-0.00703278
0.447239	0.00171538	-0.00704928
0.447607	0.00172599	-0.0070658
0.447974	0.00173669	-0.00708234
0.448342	0.00174746	-0.00709889
0.448709	0.00175831	-0.00711546
0.449077	0.00176924	-0.00713205
0.449444	0.00178025	-0.00714866
0.449812	0.00179134	-0.00716529
0.450179	0.00180251	-0.00718193
0.450547	0.00181376	-0.00719859
0.450914	0.00182508	-0.00721526
0.451282	0.00183649	-0.00723195
0.451649	0.00184797	-0.00724865
0.452017	0.00185952	-0.00726537
0.452384	0.00187116	-0.00728211
0.452752	0.00188287	-0.00729886
0.453119	0.00189466	-0.00731562
0.453487	0.00190652	-0.0073324
0.453854	0.00191846	-0.00734919
0.454222	0.00193048	-0.00736599
0.454589	0.00194257	-0.00738281
0.454957	0.00195474	-0.00739965
0.455324	0.00196698	-0.00741649
0.455692	0.00197929	-0.00743336
0.456059	0.00199168	-0.00745023
0.456427	0.00200415	-0.00746712
0.456794	0.00201668	-0.00748402
0.457162	0.00202929	-0.00750094
0.457529	0.00204197	-0.00751787
0.457897	0.00205473	-0.00753481
0.458264	0.00206756	-0.00755177
0.458632	0.00208046	-0.00756874
0.458999	0.00209343	-0.00758573
0.459367	0.00210647	-0.00760273
0.459734	0.00211958	-0.00761975
0.460102	0.00213277	-0.00763678
0.460469	0.00214602	-0.00765383
0.460837	0.00215935	-0.00767089
0.461204	0.00217274	-0.00768798
0.461571	0.00218621	-0.00770507
0.461939	0.00219974	-0.00772219
0.462306	0.00221334	-0.00773932
0.462674	0.00222702	-0.00775647
0.463041	0.00224076	-0.00777364
0.463409	0.00225457	-0.00779083
0.463776	0.00226845	-0.00780804
0.464144	0.0022824	-0.00782527
0.464511	0.00229642	-0.00784252
0.464879	0.0023105	-0.00785979
0.465246	0.00232466	-0.00787708
0.465614	0.00233888	-0.0078944
0.465981	0.00235317	-0.00791174
0.466349	0.00236753	-0.0079291
0.466716	0.00238196	-0.00794649
0.467084	0.00239646	-0.0079639
0.467451	0.00241102	-0.00798134
0.467819	0.00242566	-0.00799881
0.468186	0.00244036	-0.0080163
0.468554	0.00245514	-0.00803382
0.468921	0.00246998	-0.00805138
0.469289	0.00248489	-0.00806896
0.469656	0.00249988	-0.00808657
0.470024	0.00251493	-0.00810422
0.470391	0.00253005	-0.0081219
0.470759	0.00254525	-0.00813961
0.471126	0.00256052	-0.00815736
0.471494	0.00257586	-0.00817515
0.471861	0.00259127	-0.00819297
0.472229	0.00260676	-0.00821083
0.472596	0.00262232	-0.00822872
0.472964	0.00263795	-0.00824666
0.473331	0.00265366	-0.00826464
0.473699	0.00266945	-0.00828266
0.474066	0.00268531	-0.00830072
0.474434	0.00270125	-0.00831882
0.474801	0.00271727	-0.00833697
0.475169	0.00273337	-0.00835517
0.475536	0.00274955	-0.00837341
0.475904	0.00276581	-0.0083917
0.476271	0.00278215	-0.00841004
0.476639	0.00279857	-0.00842842
0.477006	0.00281508	-0.00844686
0.477374	0.00283168	-0.00846535
0.477741	0.00284836	-0.00848389
0.478109	0.00286513	-0.00850248
0.478476	0.00288199	-0.00852113
0.478844	0.00289894	-0.00853984
0.479211	0.00291598	-0.0085586
0.479579	0.00293312	-0.00857741
0.479946	0.00295035	-0.00859629
0.480314	0.00296768	-0.00861522
0.480681	0.0029851	-0.00863421
0.481049	0.00300263	-0.00865327
0.481416	0.00302026	-0.00867238
0.481784	0.00303799	-0.00869156
0.482151	0.00305583	-0.00871079
0.482519	0.00307377	-0.0087301
0.482886	0.00309182	-0.00874946
0.483254	0.00310999	-0.00876889
0.483621	0.00312826	-0.00878839
0.483989	0.00314665	-0.00880795
0.484356	0.00316516	-0.00882758
0.484724	0.00318379	-0.00884727
0.485091	0.00320253	-0.00886703
0.485459	0.0032214	-0.00888686
0.485826	0.0032404	-0.00890676
0.486194	0.00325952	-0.00892673
0.486561	0.00327878	-0.00894676
0.486929	0.00329816	-0.00896687
0.487296	0.00331768	-0.00898704
0.487664	0.00333734	-0.00900729
0.488031	0.00335714	-0.0090276
0.488398	0.00337708	-0.00904798
0.488766	0.00339717	-0.00906843
0.489133	0.0034174	-0.00908895
0.489501	0.00343778	-0.00910955
0.489868	0.00345831	-0.00913021
0.490236	0.003479	-0.00915094
0.490603	0.00349985	-0.00917173
0.490971	0.00352086	-0.0091926
0.491338	0.00354203	-0.00921354
0.491706	0.00356337	-0.00923454
0.492073	0.00358488	-0.00925561
0.492441	0.00360656	-0.00927674
0.492808	0.00362841	-0.00929795
0.493176	0.00365044	-0.00931921
0.493543	0.00367265	-0.00934054
0.493911	0.00369504	-0.00936194
0.494278	0.00371763	-0.0093834
0.494646	0.00374039	-0.00940491
0.495013	0.00376336	-0.00942649
0.495381	0.00378651	-0.00944813
0.495748	0.00380987	-0.00946983
0.496116	0.00383342	-0.00949158
0.496483	0.00385718	-0.00951339
0.496851	0.00388115	-0.00953525
0.497218	0.00390532	-0.00955716
0.497586	0.00392971	-0.00957912
0.497953	0.00395431	-0.00960114
0.498321	0.00397913	-0.0096232
0.498688	0.00400418	-0.0096453
0.499056	0.00402944	-0.00966745
0.499423	0.00405494	-0.00968964
0.499791	0.00408066	-0.00971187
0.500158	0.00410662	-0.00973413
0.500526	0.00413281	-0.00975643
0.500893	0.00415925	-0.00977876
0.501261	0.00418592	-0.00980113
0.501628	0.00421284	-0.00982352
0.501996	0.00424	-0.00984593
0.502363	0.00426742	-0.00986837
0.502731	0.00429508	-0.00989082
0.503098	0.00432301	-0.0099133
0.503466	0.00435119	-0.00993578
0.503833	0.00437963	-0.00995828
0.504201	0.00440833	-0.00998078
0.504568	0.0044373	-0.0100033
0.504936	0.00446653	-0.0100258
0.505303	0.00449604	-0.0100483
0.505671	0.00452581	-0.0100708
0.506038	0.00455587	-0.0100933
0.506406	0.00458619	-0.0101158
0.506773	0.0046168	-0.0101383
0.507141	0.00464769	-0.0101607
0.507508	0.00467886	-0.0101831
0.507876	0.00471032	-0.0102055
0.508243	0.00474207	-0.0102279
0.508611	0.0047741	-0.0102502
0.508978	0.00480642	-0.0102725
0.509346	0.00483904	-0.0102948
0.509713	0.00487195	-0.010317
0.510081	0.00490515	-0.0103391
0.510448	0.00493866	-0.0103612
0.510816	0.00497246	-0.0103832
0.511183	0.00500656	-0.0104052
0.511551	0.00504096	-0.0104271
0.511918	0.00507566	-0.0104489
0.512286	0.00511066	-0.0104707
0.512653	0.00514597	-0.0104924
0.513021	0.00518159	-0.0105139
0.513388	0.00521751	-0.0105354
0.513756	0.00525373	-0.0105568
0.514123	0.00529026	-0.0105781
0.514491	0.0053271	-0.0105993
0.514858	0.00536425	-0.0106204
0.515225	0.0054017	-0.0106414
0.515593	0.00543947	-0.0106622
0.51596	0.00547754	-0.0106829
0.516328	0.00551591	-0.0107035
0.516695	0.0055546	-0.010724
0.517063	0.00559359	-0.0107443
0.51743	0.00563289	-0.0107644
0.517798	0.0056725	-0.0107845
0.518165	0.00571241	-0.0108043
0.518533	0.00575263	-0.010824
0.5189	0.00579315	-0.0108436
0.519268	0.00583397	-0.0108629
0.519635	0.0058751	-0.0108821
0.520003	0.00591653	-0.0109012
0.52037	0.00595826	-0.01092
0.520738	0.00600029	-0.0109386
0.521105	0.00604261	-0.0109571
0.521473	0.00608523	-0.0109753
0.52184	0.00612814	-0.0109934
0.522208	0.00617135	-0.0110112
0.522575	0.00621484	-0.0110288
0.522943	0.00625862	-0.0110462
0.52331	0.00630269	-0.0110634
0.523678	0.00634704	-0.0110804
0.524045	0.00639167	-0.0110971
0.524413	0.00643658	-0.0111135
0.52478	0.00648176	-0.0111298
0.525148	0.00652722	-0.0111458
0.525515	0.00657295	-0.0111615
0.525883	0.00661894	-0.011177
0.52625	0.0066652	-0.0111922
0.526618	0.00671172	-0.0112072
0.526985	0.00675849	-0.0112218
0.527353	0.00680552	-0.0112362
0.52772	0.0068528	-0.0112504
0.528088	0.00690032	-0.0112642
0.528455	0.00694809	-0.0112778
0.528823	0.0069961	-0.0112911
0.52919	0.00704434	-0.011304
0.529558	0.00709281	-0.0113167
0.529925	0.00714151	-0.0113291
0.530293	0.00719043	-0.0113412
0.53066	0.00723957	-0.0113529
0.531028	0.00728893	-0.0113644
0.531395	0.00733849	-0.0113755
0.531763	0.00738826	-0.0113863
0.53213	0.00743822	-0.0113968
0.532498	0.00748839	-0.011407
0.532865	0.00753874	-0.0114168
0.533233	0.00758928	-0.0114263
0.5336	0.00764	-0.0114355
0.533968	0.00769089	-0.0114444
0.534335	0.00774196	-0.0114529
0.534703	0.00779319	-0.011461
0.53507	0.00784458	-0.0114688
0.535438	0.00789612	-0.0114763
0.535805	0.00794782	-0.0114834
0.536173	0.00799966	-0.0114902
0.53654	0.00805163	-0.0114967
0.536908	0.00810374	-0.0115027
0.537275	0.00815598	-0.0115085
0.537643	0.00820834	-0.0115138
0.53801	0.00826082	-0.0115188
0.538378	0.0083134	-0.0115235
0.538745	0.0083661	-0.0115278
0.539113	0.00841889	-0.0115317
0.53948	0.00847178	-0.0115353
0.539848	0.00852475	-0.0115385
0.540215	0.00857781	-0.0115414
0.540583	0.00863094	-0.0115439
0.54095	0.00868414	-0.011546
0.541318	0.00873741	-0.0115478
0.541685	0.00879074	-0.0115492
0.542053	0.00884413	-0.0115503
0.54242	0.00889756	-0.011551
0.542787	0.00895103	-0.0115514
0.543155	0.00900454	-0.0115514
0.543522	0.00905808	-0.011551
0.54389	0.00911165	-0.0115503
0.544257	0.00916524	-0.0115492
0.544625	0.00921884	-0.0115478
0.544992	0.00927246	-0.011546
0.54536	0.00932607	-0.0115439
0.545727	0.00937969	-0.0115414
0.546095	0.00943329	-0.0115386
0.546462	0.00948689	-0.0115355
0.54683	0.00954047	-0.011532
0.547197	0.00959402	-0.0115281
0.547565	0.00964755	-0.011524
0.547932	0.00970105	-0.0115195
0.5483	0.00975451	-0.0115147
0.548667	0.00980792	-0.0115095
0.549035	0.00986129	-0.011504
0.549402	0.00991461	-0.0114983
0.54977	0.00996787	-0.0114921
0.550137	0.0100211	-0.0114857
0.550505	0.0100742	-0.011479
0.550872	0.0101273	-0.011472
0.55124	0.0101803	-0.0114646
0.551607	0.0102332	-0.011457
0.551975	0.010286	-0.0114491
0.552342	0.0103388	-0.0114409
0.55271	0.0103915	-0.0114324
0.553077	0.010444	-0.0114236
0.553445	0.0104965	-0.0114146
0.553812	0.0105489	-0.0114052
0.55418	0.0106012	-0.0113956
0.554547	0.0106533	-0.0113858
0.554915	0.0107054	-0.0113757
0.555282	0.0107574	-0.0113654
0.55565	0.0108092	-0.0113548
0.556017	0.0108609	-0.0113439
0.556385	0.0109126	-0.0113328
0.556752	0.0109641	-0.0113215
0.55712	0.0110154	-0.01131
0.557487	0.0110667	-0.0112983
0.557855	0.0111178	-0.0112863
0.558222	0.0111688	-0.0112742
0.55859	0.0112197	-0.0112618
0.558957	0.0112705	-0.0112492
0.559325	0.0113211	-0.0112365
0.559692	0.0113716	-0.0112235
0.56006	0.011422	-0.0112104
0.560427	0.0114722	-0.0111971
0.560795	0.0115223	-0.0111837
0.561162	0.0115723	-0.0111701
0.56153	0.0116222	-0.0111563
0.561897	0.0116719	-0.0111424
0.562265	0.0117215	-0.0111283
0.562632	0.011771	-0.0111141
0.563	0.0118203	-0.0110997
0.563367	0.0118696	-0.0110853
0.563735	0.0119187	-0.0110707
0.564102	0.0119677	-0.011056
0.56447	0.0120165	-0.0110411
0.564837	0.0120653	-0.0110262
0.565205	0.0121139	-0.0110112
0.565572	0.0121624	-0.0109961
0.56594	0.0122108	-0.0109809
0.566307	0.0122592	-0.0109656
0.566675	0.0123074	-0.0109502
0.567042	0.0123555	-0.0109348
0.56741	0.0124035	-0.0109193
0.567777	0.0124514	-0.0109037
0.568145	0.0124992	-0.0108881
0.568512	0.0125469	-0.0108725
0.56888	0.0125946	-0.0108567
0.569247	0.0126422	-0.010841
0.569614	0.0126897	-0.0108252
0.569982	0.0127371	-0.0108094
0.570349	0.0127845	-0.0107935
0.570717	0.0128318	-0.0107776
0.571084	0.012879	-0.0107617
0.571452	0.0129262	-0.0107458
0.571819	0.0129734	-0.0107298
0.572187	0.0130205	-0.0107139
0.572554	0.0130676	-0.0106979
0.572922	0.0131147	-0.010682
0.573289	0.0131617	-0.010666
0.573657	0.0132088	-0.0106501
0.574024	0.0132558	-0.0106341
0.574392	0.0133028	-0.0106182
0.574759	0.0133498	-0.0106023
0.575127	0.0133969	-0.0105864
0.575494	0.0134439	-0.0105705
0.575862	0.013491	-0.0105546
0.576229	0.0135381	-0.0105387
0.576597	0.0135853	-0.0105229
0.576964	0.0136325	-0.0105071
0.577332	0.0136798	-0.0104913
0.577699	0.0137271	-0.0104755
0.578067	0.0137745	-0.0104598
0.578434	0.0138219	-0.010444
0.578802	0.0138695	-0.0104283
0.579169	0.0139171	-0.0104127
0.579537	0.0139649	-0.010397
0.579904	0.0140127	-0.0103814
0.580272	0.0140607	-0.0103658
0.580639	0.0141088	-0.0103502
0.581007	0.014157	-0.0103347
0.581374	0.0142054	-0.0103191
0.581742	0.0142539	-0.0103036
0.582109	0.0143026	-0.0102881
0.582477	0.0143514	-0.0102726
0.582844	0.0144004	-0.0102571
0.583212	0.0144496	-0.0102416
0.583579	0.014499	-0.0102262
0.583947	0.0145485	-0.0102107
0.584314	0.0145983	-0.0101952
0.584682	0.0146483	-0.0101797
0.585049	0.0146985	-0.0101642
0.585417	0.0147489	-0.0101487
0.585784	0.0147996	-0.0101332
0.586152	0.0148505	-0.0101177
0.586519	0.0149017	-0.0101021
0.586887	0.0149531	-0.0100865
0.587254	0.0150048	-0.0100709
0.587622	0.0150568	-0.0100552
0.587989	0.0151091	-0.0100394
0.588357	0.0151616	-0.0100236
0.588724	0.0152144	-0.0100077
0.589092	0.0152676	-0.00999181
0.589459	0.015321	-0.00997579
0.589827	0.0153748	-0.00995969
0.590194	0.0154289	-0.00994349
0.590562	0.0154833	-0.0099272
0.590929	0.0155381	-0.00991079
0.591297	0.0155932	-0.00989426
0.591664	0.0156487	-0.00987761
0.592032	0.0157045	-0.00986083
0.592399	0.0157607	-0.0098439
0.592767	0.0158172	-0.00982681
0.593134	0.0158741	-0.00980956
0.593502	0.0159314	-0.00979214
0.593869	0.0159891	-0.00977454
0.594237	0.0160472	-0.00975674
0.594604	0.0161057	-0.00973874
0.594972	0.0161645	-0.00972053
0.595339	0.0162238	-0.00970209
0.595707	0.0162835	-0.00968341
0.596074	0.0163435	-0.00966449
0.596441	0.016404	-0.00964531
0.596809	0.0164649	-0.00962586
0.597176	0.0165263	-0.00960613
0.597544	0.016588	-0.00958611
0.597911	0.0166502	-0.00956578
0.598279	0.0167128	-0.00954513
0.598646	0.0167758	-0.00952416
0.599014	0.0168393	-0.00950284
0.599381	0.0169032	-0.00948117
0.599749	0.0169675	-0.00945913
0.600116	0.0170323	-0.0094367
0.600484	0.0170975	-0.00941389
0.600851	0.0171631	-0.00939067
0.601219	0.0172291	-0.00936703
0.601586	0.0172956	-0.00934295
0.601954	0.0173626	-0.00931843
0.602321	0.0174299	-0.00929345
0.602689	0.0174977	-0.009268
0.603056	0.0175659	-0.00924206
0.603424	0.0176346	-0.00921562
0.603791	0.0177037	-0.00918866
0.604159	0.0177731	-0.00916117
0.604526	0.0178431	-0.00913315
0.604894	0.0179134	-0.00910456
0.605261	0.0179841	-0.00907541
0.605629	0.0180553	-0.00904568
0.605996	0.0181268	-0.00901534
0.606364	0.0181987	-0.0089844
0.606731	0.0182711	-0.00895283
0.607099	0.0183438	-0.00892062
0.607466	0.0184169	-0.00888775
0.607834	0.0184904	-0.00885422
0.608201	0.0185642	-0.00882001
0.608569	0.0186385	-0.00878511
0.608936	0.018713	-0.0087495
0.609304	0.0187879	-0.00871317
0.609671	0.0188632	-0.0086761
0.610039	0.0189388	-0.00863828
0.610406	0.0190147	-0.0085997
0.610774	0.0190909	-0.00856035
0.611141	0.0191674	-0.00852021
0.611509	0.0192443	-0.00847927
0.611876	0.0193214	-0.00843752
0.612244	0.0193988	-0.00839494
0.612611	0.0194764	-0.00835152
0.612979	0.0195543	-0.00830725
0.613346	0.0196324	-0.00826212
0.613714	0.0197108	-0.00821611
0.614081	0.0197894	-0.00816922
0.614449	0.0198682	-0.00812143
0.614816	0.0199472	-0.00807272
0.615184	0.0200263	-0.0080231
0.615551	0.0201057	-0.00797254
0.615919	0.0201852	-0.00792104
0.616286	0.0202648	-0.00786859
0.616654	0.0203446	-0.00781518
0.617021	0.0204244	-0.00776079
0.617389	0.0205044	-0.00770541
0.617756	0.0205844	-0.00764904
0.618124	0.0206645	-0.00759167
0.618491	0.0207447	-0.00753329
0.618859	0.0208249	-0.00747389
0.619226	0.0209051	-0.00741346
0.619594	0.0209853	-0.00735199
0.619961	0.0210655	-0.00728948
0.620329	0.0211457	-0.00722591
0.620696	0.0212258	-0.00716129
0.621064	0.0213059	-0.0070956
0.621431	0.0213859	-0.00702883
0.621799	0.0214657	-0.00696099
0.622166	0.0215455	-0.00689206
0.622534	0.0216251	-0.00682204
0.622901	0.0217046	-0.00675092
0.623269	0.0217839	-0.00667871
0.623636	0.021863	-0.00660539
0.624003	0.0219419	-0.00653096
0.624371	0.0220205	-0.00645541
0.624738	0.0220989	-0.00637875
0.625106	0.0221771	-0.00630097
0.625473	0.0222549	-0.00622207
0.625841	0.0223325	-0.00614205
0.626208	0.0224097	-0.0060609
0.626576	0.0224866	-0.00597862
0.626943	0.0225631	-0.00589521
0.627311	0.0226392	-0.00581068
0.627678	0.0227149	-0.00572501
0.628046	0.0227902	-0.00563822
0.628413	0.022865	-0.0055503
0.628781	0.0229394	-0.00546125
0.629148	0.0230133	-0.00537107
0.629516	0.0230866	-0.00527977
0.629883	0.0231595	-0.00518735
0.630251	0.0232318	-0.00509382
0.630618	0.0233035	-0.00499916
0.630986	0.0233746	-0.00490339
0.631353	0.0234451	-0.00480652
0.631721	0.023515	-0.00470854
0.632088	0.0235843	-0.00460946
0.632456	0.0236528	-0.00450929
0.632823	0.0237207	-0.00440803
0.633191	0.0237879	-0.00430568
0.633558	0.0238543	-0.00420227
0.633926	0.02392	-0.00409778
0.634293	0.0239849	-0.00399223
0.634661	0.024049	-0.00388563
0.635028	0.0241123	-0.00377798
0.635396	0.0241747	-0.0036693
0.635763	0.0242363	-0.00355959
0.636131	0.0242971	-0.00344886
0.636498	0.0243569	-0.00333712
0.636866	0.0244158	-0.00322438
0.637233	0.0244739	-0.00311066
0.637601	0.0245309	-0.00299596
0.637968	0.024587	-0.00288029
0.638336	0.0246421	-0.00276367
0.638703	0.0246962	-0.00264611
0.639071	0.0247493	-0.00252763
0.639438	0.0248013	-0.00240822
0.639806	0.0248523	-0.00228791
0.640173	0.0249022	-0.00216672
0.640541	0.024951	-0.00204465
0.640908	0.0249987	-0.00192172
0.641276	0.0250453	-0.00179795
0.641643	0.0250908	-0.00167334
0.642011	0.025135	-0.00154792
0.642378	0.0251781	-0.00142171
0.642746	0.0252201	-0.00129471
0.643113	0.0252608	-0.00116694
0.643481	0.0253003	-0.00103843
0.643848	0.0253385	-0.000909178
0.644216	0.0253755	-0.000779217
0.644583	0.0254113	-0.000648558
0.644951	0.0254457	-0.000517221
0.645318	0.0254789	-0.000385223
0.645686	0.0255108	-0.000252583
0.646053	0.0255414	-0.00011932
0.646421	0.0255706	1.45465e-05
0.646788	0.0255985	0.000148998
0.647156	0.025625	0.000284014
0.647523	0.0256502	0.000419576
0.647891	0.025674	0.000555662
0.648258	0.0256964	0.000692253
0.648626	0.0257174	0.000829328
0.648993	0.025737	0.000966866
0.649361	0.0257552	0.00110485
0.649728	0.025772	0.00124325
0.650096	0.0257874	0.00138205
0.650463	0.0258013	0.00152123
0.65083	0.0258137	0.00166077
0.651198	0.0258247	0.00180064
0.651565	0.0258343	0.00194083
0.651933	0.0258424	0.0020813
0.6523	0.025849	0.00222205
0.652668	0.0258541	0.00236304
0.653035	0.0258577	0.00250426
0.653403	0.0258599	0.00264567
0.65377	0.0258605	0.00278727
0.654138	0.0258597	0.00292902
0.654505	0.0258573	0.00307091
0.654873	0.0258535	0.0032129
0.65524	0.0258481	0.00335499
0.655608	0.0258412	0.00349714
0.655975	0.0258328	0.00363933
0.656343	0.025823	0.00378154
0.65671	0.0258115	0.00392374
0.657078	0.0257986	0.00406592
0.657445	0.0257842	0.00420804
0.657813	0.0257682	0.0043501
0.65818	0.0257507	0.00449205
0.658548	0.0257318	0.00463389
0.658915	0.0257113	0.00477559
0.659283	0.0256893	0.00491712
0.65965	0.0256658	0.00505846
0.660018	0.0256408	0.00519959
0.660385	0.0256142	0.00534049
0.660753	0.0255862	0.00548114
0.66112	0.0255567	0.0056215
0.661488	0.0255258	0.00576157
0.661855	0.0254933	0.00590131
0.662223	0.0254593	0.0060407
0.66259	0.0254239	0.00617973
0.662958	0.025387	0.00631837
0.663325	0.0253487	0.0064566
0.663693	0.0253089	0.0065944
0.66406	0.0252677	0.00673174
0.664428	0.025225	0.00686861
0.664795	0.0251809	0.00700498
0.665163	0.0251354	0.00714084
0.66553	0.0250885	0.00727616
0.665898	0.0250401	0.00741092
0.666265	0.0249904	0.0075451
0.666633	0.0249393	0.00767868
0.667	0.0248868	0.00781165
0.667368	0.024833	0.00794397
0.667735	0.0247778	0.00807564
0.668103	0.0247213	0.00820663
0.66847	0.0246634	0.00833693
0.668838	0.0246043	0.00846651
0.669205	0.0245438	0.00859536
0.669573	0.0244821	0.00872346
0.66994	0.024419	0.0088508
0.670308	0.0243547	0.00897734
0.670675	0.0242892	0.00910308
0.671043	0.0242224	0.009228
0.67141	0.0241544	0.00935209
0.671778	0.0240852	0.00947532
0.672145	0.0240148	0.00959768
0.672513	0.0239432	0.00971915
0.67288	0.0238704	0.00983972
0.673248	0.0237965	0.00995938
0.673615	0.0237215	0.0100781
0.673983	0.0236454	0.0101959
0.67435	0.0235681	0.0103127
0.674718	0.0234898	0.0104286
0.675085	0.0234104	0.0105434
0.675453	0.02333	0.0106573
0.67582	0.0232485	0.0107701
0.676188	0.023166	0.0108819
0.676555	0.0230825	0.0109927
0.676923	0.022998	0.0111024
0.67729	0.0229125	0.0112111
0.677658	0.0228261	0.0113187
0.678025	0.0227388	0.0114252
0.678392	0.0226506	0.0115306
0.67876	0.0225614	0.0116349
0.679127	0.0224714	0.0117381
0.679495	0.0223805	0.0118402
0.679862	0.0222888	0.0119411
0.68023	0.0221963	0.0120409
0.680597	0.022103	0.0121396
0.680965	0.0220088	0.0122371
0.681332	0.021914	0.0123334
0.6817	0.0218183	0.0124286
0.682067	0.021722	0.0125225
0.682435	0.0216249	0.0126153
0.682802	0.0215271	0.0127069
0.68317	0.0214287	0.0127973
0.683537	0.0213296	0.0128865
0.683905	0.0212299	0.0129745
0.684272	0.0211296	0.0130613
0.68464	0.0210286	0.0131468
0.685007	0.0209271	0.0132311
0.685375	0.0208251	0.0133142
0.685742	0.0207225	0.0133961
0.68611	0.0206193	0.0134767
0.686477	0.0205157	0.0135562
0.686845	0.0204116	0.0136343
0.687212	0.020307	0.0137112
0.68758	0.020202	0.0137869
0.687947	0.0200966	0.0138614
0.688315	0.0199907	0.0139346
0.688682	0.0198845	0.0140065
0.68905	0.0197779	0.0140772
0.689417	0.0196709	0.0141467
0.689785	0.0195636	0.0142149
0.690152	0.019456	0.0142819
0.69052	0.0193481	0.0143476
0.690887	0.0192399	0.0144121
0.691255	0.0191315	0.0144754
0.691622	0.0190228	0.0145374
0.69199	0.0189138	0.0145981
0.692357	0.0188047	0.0146577
0.692725	0.0186954	0.014716
0.693092	0.0185859	0.014773
0.69346	0.0184762	0.0148289
0.693827	0.0183664	0.0148835
0.694195	0.0182565	0.0149369
0.694562	0.0181465	0.0149891
0.69493	0.0180363	0.01504
0.695297	0.0179261	0.0150898
0.695665	0.0178159	0.0151384
0.696032	0.0177056	0.0151857
0.6964	0.0175953	0.0152319
0.696767	0.0174849	0.0152769
0.697135	0.0173746	0.0153207
0.697502	0.0172643	0.0153633
0.69787	0.017154	0.0154047
0.698237	0.0170438	0.015445
0.698605	0.0169336	0.0154842
0.698972	0.0168235	0.0155221
0.69934	0.0167135	0.015559
0.699707	0.0166037	0.0155947
0.700075	0.0164939	0.0156292
0.700442	0.0163843	0.0156627
0.70081	0.0162748	0.015695
0.701177	0.0161655	0.0157262
0.701545	0.0160563	0.0157563
0.701912	0.0159474	0.0157854
0.70228	0.0158386	0.0158133
0.702647	0.01573	0.0158402
0.703015	0.0156217	0.015866
0.703382	0.0155136	0.0158907
0.70375	0.0154058	0.0159144
0.704117	0.0152982	0.015937
0.704485	0.0151909	0.0159586
0.704852	0.0150839	0.0159792
0.705219	0.0149772	0.0159988
0.705587	0.0148707	0.0160174
0.705954	0.0147646	0.016035
0.706322	0.0146589	0.0160516
0.706689	0.0145534	0.0160672
0.707057	0.0144483	0.0160818
0.707424	0.0143435	0.0160955
0.707792	0.0142392	0.0161082
0.708159	0.0141351	0.01612
0.708527	0.0140315	0.0161309
0.708894	0.0139283	0.0161409
0.709262	0.0138254	0.0161499
0.709629	0.013723	0.0161581
0.709997	0.013621	0.0161653
0.710364	0.0135194	0.0161717
0.710732	0.0134182	0.0161772
0.711099	0.0133175	0.0161819
0.711467	0.0132172	0.0161857
0.711834	0.0131174	0.0161886
0.712202	0.013018	0.0161908
0.712569	0.0129191	0.0161921
0.712937	0.0128207	0.0161926
0.713304	0.0127227	0.0161924
0.713672	0.0126253	0.0161913
0.714039	0.0125283	0.0161895
0.714407	0.0124318	0.0161869
0.714774	0.0123359	0.0161835
0.715142	0.0122404	0.0161794
0.715509	0.0121454	0.0161746
0.715877	0.012051	0.016169
0.716244	0.0119571	0.0161627
0.716612	0.0118637	0.0161557
0.716979	0.0117709	0.0161481
0.717347	0.0116786	0.0161397
0.717714	0.0115868	0.0161307
0.718082	0.0114955	0.016121
0.718449	0.0114049	0.0161107
0.718817	0.0113147	0.0160997
0.719184	0.0112252	0.0160881
0.719552	0.0111361	0.0160758
0.719919	0.0110477	0.016063
0.720287	0.0109598	0.0160495
0.720654	0.0108725	0.0160354
0.721022	0.0107857	0.0160208
0.721389	0.0106995	0.0160056
0.721757	0.0106139	0.0159898
0.722124	0.0105289	0.0159735
0.722492	0.0104444	0.0159566
0.722859	0.0103605	0.0159392
0.723227	0.0102772	0.0159213
0.723594	0.0101945	0.0159029
0.723962	0.0101124	0.0158839
0.724329	0.0100309	0.0158645
0.724697	0.00994993	0.0158445
0.725064	0.00986957	0.0158241
0.725432	0.0097898	0.0158032
0.725799	0.00971062	0.0157819
0.726167	0.00963204	0.0157601
0.726534	0.00955404	0.0157378
0.726902	0.00947664	0.0157152
0.727269	0.00939984	0.015692
0.727637	0.00932363	0.0156685
0.728004	0.00924801	0.0156446
0.728372	0.00917299	0.0156203
0.728739	0.00909856	0.0155956
0.729107	0.00902473	0.0155704
0.729474	0.00895149	0.015545
0.729842	0.00887885	0.0155191
0.730209	0.0088068	0.0154929
0.730577	0.00873535	0.0154664
0.730944	0.00866449	0.0154395
0.731312	0.00859422	0.0154123
0.731679	0.00852455	0.0153847
0.732046	0.00845547	0.0153568
0.732414	0.00838698	0.0153286
0.732781	0.00831907	0.0153002
0.733149	0.00825176	0.0152714
0.733516	0.00818504	0.0152423
0.733884	0.00811891	0.015213
0.734251	0.00805336	0.0151833
0.734619	0.0079884	0.0151535
0.734986	0.00792402	0.0151233
