# Frequency (eV) 	 HHG Real 	 Imaginary
0	0
0.000367493	1.52014e-12
0.000734986	6.21622e-12
0.00110248	1.44953e-11
0.00146997	2.70357e-11
0.00183747	4.47872e-11
0.00220496	6.89708e-11
0.00257245	1.01079e-10
0.00293995	1.42876e-10
0.00330744	1.96396e-10
0.00367493	2.63947e-10
0.00404243	3.48105e-10
0.00440992	4.51722e-10
0.00477741	5.77916e-10
0.00514491	7.30082e-10
0.0055124	9.11881e-10
0.00587989	1.12725e-09
0.00624738	1.3804e-09
0.00661488	1.6758e-09
0.00698237	2.0182e-09
0.00734986	2.41263e-09
0.00771736	2.86438e-09
0.00808485	3.37901e-09
0.00845234	3.96237e-09
0.00881984	4.62055e-09
0.00918733	5.35994e-09
0.00955482	6.18719e-09
0.00992232	7.10923e-09
0.0102898	8.13324e-09
0.0106573	9.26671e-09
0.0110248	1.05174e-08
0.0113923	1.18932e-08
0.0117598	1.34026e-08
0.0121273	1.50539e-08
0.0124948	1.68562e-08
0.0128623	1.88184e-08
0.0132298	2.095e-08
0.0135972	2.32606e-08
0.0139647	2.57602e-08
0.0143322	2.84588e-08
0.0146997	3.1367e-08
0.0150672	3.44956e-08
0.0154347	3.78555e-08
0.0158022	4.1458e-08
0.0161697	4.53148e-08
0.0165372	4.94376e-08
0.0169047	5.38386e-08
0.0172722	5.85301e-08
0.0176397	6.35248e-08
0.0180072	6.88357e-08
0.0183747	7.44759e-08
0.0187422	8.0459e-08
0.0191096	8.67988e-08
0.0194771	9.35092e-08
0.0198446	1.00605e-07
0.0202121	1.081e-07
0.0205796	1.16009e-07
0.0209471	1.24348e-07
0.0213146	1.33133e-07
0.0216821	1.42378e-07
0.0220496	1.521e-07
0.0224171	1.62315e-07
0.0227846	1.73039e-07
0.0231521	1.8429e-07
0.0235196	1.96085e-07
0.0238871	2.08441e-07
0.0242546	2.21375e-07
0.024622	2.34906e-07
0.0249895	2.49053e-07
0.025357	2.63832e-07
0.0257245	2.79264e-07
0.026092	2.95367e-07
0.0264595	3.12161e-07
0.026827	3.29666e-07
0.0271945	3.47901e-07
0.027562	3.66887e-07
0.0279295	3.86644e-07
0.028297	4.07194e-07
0.0286645	4.28557e-07
0.029032	4.50754e-07
0.0293995	4.73808e-07
0.029767	4.97741e-07
0.0301344	5.22574e-07
0.0305019	5.48331e-07
0.0308694	5.75035e-07
0.0312369	6.02708e-07
0.0316044	6.31374e-07
0.0319719	6.61057e-07
0.0323394	6.91781e-07
0.0327069	7.23571e-07
0.0330744	7.56451e-07
0.0334419	7.90446e-07
0.0338094	8.25582e-07
0.0341769	8.61884e-07
0.0345444	8.99378e-07
0.0349119	9.38091e-07
0.0352793	9.78049e-07
0.0356468	1.01928e-06
0.0360143	1.06181e-06
0.0363818	1.10566e-06
0.0367493	1.15087e-06
0.0371168	1.19747e-06
0.0374843	1.24547e-06
0.0378518	1.29491e-06
0.0382193	1.34583e-06
0.0385868	1.39824e-06
0.0389543	1.45218e-06
0.0393218	1.50768e-06
0.0396893	1.56476e-06
0.0400568	1.62347e-06
0.0404243	1.68383e-06
0.0407917	1.74586e-06
0.0411592	1.80962e-06
0.0415267	1.87511e-06
0.0418942	1.94239e-06
0.0422617	2.01148e-06
0.0426292	2.08241e-06
0.0429967	2.15522e-06
0.0433642	2.22994e-06
0.0437317	2.30661e-06
0.0440992	2.38525e-06
0.0444667	2.46591e-06
0.0448342	2.54862e-06
0.0452017	2.63342e-06
0.0455692	2.72033e-06
0.0459367	2.8094e-06
0.0463041	2.90067e-06
0.0466716	2.99417e-06
0.0470391	3.08994e-06
0.0474066	3.18801e-06
0.0477741	3.28842e-06
0.0481416	3.39122e-06
0.0485091	3.49644e-06
0.0488766	3.60411e-06
0.0492441	3.71429e-06
0.0496116	3.827e-06
0.0499791	3.9423e-06
0.0503466	4.06021e-06
0.0507141	4.18079e-06
0.0510816	4.30406e-06
0.0514491	4.43008e-06
0.0518165	4.55889e-06
0.052184	4.69052e-06
0.0525515	4.82502e-06
0.052919	4.96244e-06
0.0532865	5.10281e-06
0.053654	5.24618e-06
0.0540215	5.3926e-06
0.054389	5.54211e-06
0.0547565	5.69476e-06
0.055124	5.85058e-06
0.0554915	6.00963e-06
0.055859	6.17195e-06
0.0562265	6.33759e-06
0.056594	6.5066e-06
0.0569614	6.67902e-06
0.0573289	6.8549e-06
0.0576964	7.03429e-06
0.0580639	7.21724e-06
0.0584314	7.40379e-06
0.0587989	7.594e-06
0.0591664	7.78792e-06
0.0595339	7.98559e-06
0.0599014	8.18706e-06
0.0602689	8.3924e-06
0.0606364	8.60164e-06
0.0610039	8.81484e-06
0.0613714	9.03205e-06
0.0617389	9.25332e-06
0.0621064	9.47871e-06
0.0624738	9.70828e-06
0.0628413	9.94206e-06
0.0632088	1.01801e-05
0.0635763	1.04225e-05
0.0639438	1.06693e-05
0.0643113	1.09205e-05
0.0646788	1.11762e-05
0.0650463	1.14365e-05
0.0654138	1.17014e-05
0.0657813	1.1971e-05
0.0661488	1.22452e-05
0.0665163	1.25243e-05
0.0668838	1.28082e-05
0.0672513	1.3097e-05
0.0676188	1.33907e-05
0.0679862	1.36895e-05
0.0683537	1.39933e-05
0.0687212	1.43023e-05
0.0690887	1.46165e-05
0.0694562	1.49359e-05
0.0698237	1.52607e-05
0.0701912	1.55908e-05
0.0705587	1.59264e-05
0.0709262	1.62674e-05
0.0712937	1.66141e-05
0.0716612	1.69663e-05
0.0720287	1.73243e-05
0.0723962	1.7688e-05
0.0727637	1.80575e-05
0.0731312	1.8433e-05
0.0734986	1.88143e-05
0.0738661	1.92017e-05
0.0742336	1.95952e-05
0.0746011	1.99948e-05
0.0749686	2.04006e-05
0.0753361	2.08128e-05
0.0757036	2.12312e-05
0.0760711	2.16561e-05
0.0764386	2.20875e-05
0.0768061	2.25254e-05
0.0771736	2.29699e-05
0.0775411	2.34212e-05
0.0779086	2.38792e-05
0.0782761	2.4344e-05
0.0786435	2.48157e-05
0.079011	2.52944e-05
0.0793785	2.57802e-05
0.079746	2.6273e-05
0.0801135	2.67731e-05
0.080481	2.72804e-05
0.0808485	2.7795e-05
0.081216	2.83171e-05
0.0815835	2.88466e-05
0.081951	2.93837e-05
0.0823185	2.99284e-05
0.082686	3.04808e-05
0.0830535	3.1041e-05
0.083421	3.16091e-05
0.0837885	3.2185e-05
0.0841559	3.2769e-05
0.0845234	3.33611e-05
0.0848909	3.39613e-05
0.0852584	3.45697e-05
0.0856259	3.51865e-05
0.0859934	3.58117e-05
0.0863609	3.64453e-05
0.0867284	3.70875e-05
0.0870959	3.77383e-05
0.0874634	3.83978e-05
0.0878309	3.90661e-05
0.0881984	3.97432e-05
0.0885659	4.04293e-05
0.0889334	4.11245e-05
0.0893009	4.18287e-05
0.0896683	4.25422e-05
0.0900358	4.32649e-05
0.0904033	4.3997e-05
0.0907708	4.47385e-05
0.0911383	4.54895e-05
0.0915058	4.62502e-05
0.0918733	4.70205e-05
0.0922408	4.78006e-05
0.0926083	4.85906e-05
0.0929758	4.93905e-05
0.0933433	5.02004e-05
0.0937108	5.10205e-05
0.0940783	5.18508e-05
0.0944458	5.26913e-05
0.0948133	5.35423e-05
0.0951807	5.44037e-05
0.0955482	5.52756e-05
0.0959157	5.61582e-05
0.0962832	5.70515e-05
0.0966507	5.79557e-05
0.0970182	5.88707e-05
0.0973857	5.97968e-05
0.0977532	6.07339e-05
0.0981207	6.16823e-05
0.0984882	6.26419e-05
0.0988557	6.36128e-05
0.0992232	6.45952e-05
0.0995907	6.55892e-05
0.0999582	6.65948e-05
0.100326	6.76122e-05
0.100693	6.86413e-05
0.101061	6.96824e-05
0.101428	7.07355e-05
0.101796	7.18008e-05
0.102163	7.28782e-05
0.102531	7.3968e-05
0.102898	7.50701e-05
0.103266	7.61848e-05
0.103633	7.7312e-05
0.104001	7.8452e-05
0.104368	7.96047e-05
0.104736	8.07704e-05
0.105103	8.1949e-05
0.105471	8.31407e-05
0.105838	8.43457e-05
0.106206	8.55639e-05
0.106573	8.67955e-05
0.106941	8.80407e-05
0.107308	8.92994e-05
0.107676	9.05718e-05
0.108043	9.18581e-05
0.108411	9.31583e-05
0.108778	9.44725e-05
0.109145	9.58008e-05
0.109513	9.71434e-05
0.10988	9.85003e-05
0.110248	9.98717e-05
0.110615	0.000101258
0.110983	0.000102658
0.11135	0.000104074
0.111718	0.000105504
0.112085	0.000106949
0.112453	0.00010841
0.11282	0.000109885
0.113188	0.000111376
0.113555	0.000112882
0.113923	0.000114404
0.11429	0.000115942
0.114658	0.000117496
0.115025	0.000119065
0.115393	0.00012065
0.11576	0.000122252
0.116128	0.00012387
0.116495	0.000125504
0.116863	0.000127155
0.11723	0.000128822
0.117598	0.000130506
0.117965	0.000132207
0.118333	0.000133926
0.1187	0.000135661
0.119068	0.000137413
0.119435	0.000139183
0.119803	0.00014097
0.12017	0.000142775
0.120538	0.000144598
0.120905	0.000146439
0.121273	0.000148298
0.12164	0.000150175
0.122008	0.00015207
0.122375	0.000153983
0.122743	0.000155916
0.12311	0.000157867
0.123478	0.000159837
0.123845	0.000161825
0.124213	0.000163833
0.12458	0.000165861
0.124948	0.000167907
0.125315	0.000169974
0.125683	0.00017206
0.12605	0.000174165
0.126418	0.000176291
0.126785	0.000178437
0.127153	0.000180603
0.12752	0.00018279
0.127888	0.000184998
0.128255	0.000187226
0.128623	0.000189475
0.12899	0.000191745
0.129358	0.000194036
0.129725	0.000196349
0.130093	0.000198683
0.13046	0.000201039
0.130828	0.000203417
0.131195	0.000205817
0.131563	0.000208239
0.13193	0.000210684
0.132298	0.000213151
0.132665	0.000215641
0.133033	0.000218154
0.1334	0.000220689
0.133768	0.000223248
0.134135	0.000225831
0.134503	0.000228437
0.13487	0.000231067
0.135238	0.00023372
0.135605	0.000236398
0.135972	0.0002391
0.13634	0.000241827
0.136707	0.000244578
0.137075	0.000247355
0.137442	0.000250156
0.13781	0.000252983
0.138177	0.000255835
0.138545	0.000258712
0.138912	0.000261616
0.13928	0.000264546
0.139647	0.000267501
0.140015	0.000270484
0.140382	0.000273492
0.14075	0.000276528
0.141117	0.000279591
0.141485	0.000282681
0.141852	0.000285799
0.14222	0.000288944
0.142587	0.000292117
0.142955	0.000295318
0.143322	0.000298547
0.14369	0.000301805
0.144057	0.000305092
0.144425	0.000308408
0.144792	0.000311753
0.14516	0.000315127
0.145527	0.000318531
0.145895	0.000321965
0.146262	0.000325429
0.14663	0.000328923
0.146997	0.000332448
0.147365	0.000336003
0.147732	0.00033959
0.1481	0.000343207
0.148467	0.000346857
0.148835	0.000350537
0.149202	0.00035425
0.14957	0.000357995
0.149937	0.000361773
0.150305	0.000365583
0.150672	0.000369426
0.15104	0.000373302
0.151407	0.000377212
0.151775	0.000381155
0.152142	0.000385132
0.15251	0.000389143
0.152877	0.000393189
0.153245	0.000397269
0.153612	0.000401384
0.15398	0.000405534
0.154347	0.00040972
0.154715	0.000413941
0.155082	0.000418198
0.15545	0.000422491
0.155817	0.000426821
0.156185	0.000431187
0.156552	0.000435591
0.15692	0.000440031
0.157287	0.000444509
0.157655	0.000449025
0.158022	0.000453578
0.15839	0.00045817
0.158757	0.0004628
0.159125	0.000467469
0.159492	0.000472177
0.15986	0.000476925
0.160227	0.000481711
0.160595	0.000486538
0.160962	0.000491405
0.16133	0.000496312
0.161697	0.000501259
0.162065	0.000506248
0.162432	0.000511277
0.162799	0.000516348
0.163167	0.00052146
0.163534	0.000526615
0.163902	0.000531811
0.164269	0.00053705
0.164637	0.000542332
0.165004	0.000547656
0.165372	0.000553024
0.165739	0.000558435
0.166107	0.00056389
0.166474	0.000569389
0.166842	0.000574932
0.167209	0.000580519
0.167577	0.000586152
0.167944	0.000591829
0.168312	0.000597552
0.168679	0.00060332
0.169047	0.000609134
0.169414	0.000614994
0.169782	0.0006209
0.170149	0.000626852
0.170517	0.000632852
0.170884	0.000638898
0.171252	0.000644992
0.171619	0.000651133
0.171987	0.000657322
0.172354	0.000663559
0.172722	0.000669845
0.173089	0.000676178
0.173457	0.000682561
0.173824	0.000688992
0.174192	0.000695473
0.174559	0.000702003
0.174927	0.000708582
0.175294	0.000715212
0.175662	0.000721892
0.176029	0.000728622
0.176397	0.000735402
0.176764	0.000742234
0.177132	0.000749116
0.177499	0.00075605
0.177867	0.000763035
0.178234	0.000770071
0.178602	0.00077716
0.178969	0.000784301
0.179337	0.000791494
0.179704	0.00079874
0.180072	0.000806038
0.180439	0.000813389
0.180807	0.000820794
0.181174	0.000828251
0.181542	0.000835763
0.181909	0.000843328
0.182277	0.000850947
0.182644	0.00085862
0.183012	0.000866348
0.183379	0.00087413
0.183747	0.000881967
0.184114	0.000889859
0.184482	0.000897805
0.184849	0.000905808
0.185217	0.000913865
0.185584	0.000921979
0.185952	0.000930148
0.186319	0.000938373
0.186687	0.000946655
0.187054	0.000954992
0.187422	0.000963387
0.187789	0.000971838
0.188157	0.000980346
0.188524	0.000988911
0.188892	0.000997534
0.189259	0.00100621
0.189627	0.00101495
0.189994	0.00102375
0.190361	0.0010326
0.190729	0.00104151
0.191096	0.00105048
0.191464	0.00105951
0.191831	0.0010686
0.192199	0.00107774
0.192566	0.00108695
0.192934	0.00109621
0.193301	0.00110554
0.193669	0.00111492
0.194036	0.00112436
0.194404	0.00113387
0.194771	0.00114343
0.195139	0.00115305
0.195506	0.00116273
0.195874	0.00117248
0.196241	0.00118228
0.196609	0.00119215
0.196976	0.00120208
0.197344	0.00121207
0.197711	0.00122212
0.198079	0.00123223
0.198446	0.0012424
0.198814	0.00125264
0.199181	0.00126294
0.199549	0.0012733
0.199916	0.00128372
0.200284	0.00129421
0.200651	0.00130476
0.201019	0.00131537
0.201386	0.00132605
0.201754	0.00133679
0.202121	0.00134759
0.202489	0.00135846
0.202856	0.00136939
0.203224	0.00138039
0.203591	0.00139146
0.203959	0.00140259
0.204326	0.00141378
0.204694	0.00142504
0.205061	0.00143637
0.205429	0.00144776
0.205796	0.00145922
0.206164	0.00147075
0.206531	0.00148234
0.206899	0.001494
0.207266	0.00150573
0.207634	0.00151753
0.208001	0.0015294
0.208369	0.00154133
0.208736	0.00155334
0.209104	0.00156541
0.209471	0.00157755
0.209839	0.00158977
0.210206	0.00160205
0.210574	0.00161441
0.210941	0.00162684
0.211309	0.00163934
0.211676	0.00165191
0.212044	0.00166455
0.212411	0.00167727
0.212779	0.00169006
0.213146	0.00170293
0.213514	0.00171587
0.213881	0.00172888
0.214249	0.00174197
0.214616	0.00175514
0.214984	0.00176838
0.215351	0.0017817
0.215719	0.00179509
0.216086	0.00180857
0.216454	0.00182212
0.216821	0.00183575
0.217188	0.00184946
0.217556	0.00186326
0.217923	0.00187713
0.218291	0.00189108
0.218658	0.00190512
0.219026	0.00191924
0.219393	0.00193344
0.219761	0.00194772
0.220128	0.00196209
0.220496	0.00197655
0.220863	0.00199109
0.221231	0.00200572
0.221598	0.00202043
0.221966	0.00203524
0.222333	0.00205013
0.222701	0.00206511
0.223068	0.00208018
0.223436	0.00209534
0.223803	0.00211059
0.224171	0.00212594
0.224538	0.00214138
0.224906	0.00215691
0.225273	0.00217254
0.225641	0.00218826
0.226008	0.00220408
0.226376	0.00222
0.226743	0.00223601
0.227111	0.00225213
0.227478	0.00226834
0.227846	0.00228466
0.228213	0.00230107
0.228581	0.00231759
0.228948	0.00233421
0.229316	0.00235094
0.229683	0.00236777
0.230051	0.00238471
0.230418	0.00240175
0.230786	0.00241891
0.231153	0.00243617
0.231521	0.00245354
0.231888	0.00247103
0.232256	0.00248862
0.232623	0.00250633
0.232991	0.00252415
0.233358	0.00254209
0.233726	0.00256014
0.234093	0.00257831
0.234461	0.0025966
0.234828	0.00261501
0.235196	0.00263354
0.235563	0.00265219
0.235931	0.00267096
0.236298	0.00268986
0.236666	0.00270887
0.237033	0.00272802
0.237401	0.00274729
0.237768	0.00276669
0.238136	0.00278622
0.238503	0.00280587
0.238871	0.00282566
0.239238	0.00284558
0.239606	0.00286563
0.239973	0.00288582
0.240341	0.00290614
0.240708	0.0029266
0.241076	0.00294719
0.241443	0.00296793
0.241811	0.0029888
0.242178	0.00300981
0.242546	0.00303097
0.242913	0.00305227
0.243281	0.00307371
0.243648	0.00309529
0.244015	0.00311702
0.244383	0.0031389
0.24475	0.00316093
0.245118	0.0031831
0.245485	0.00320543
0.245853	0.00322791
0.24622	0.00325053
0.246588	0.00327332
0.246955	0.00329625
0.247323	0.00331934
0.24769	0.00334259
0.248058	0.00336599
0.248425	0.00338956
0.248793	0.00341328
0.24916	0.00343716
0.249528	0.0034612
0.249895	0.00348541
0.250263	0.00350978
0.25063	0.00353431
0.250998	0.00355901
0.251365	0.00358387
0.251733	0.0036089
0.2521	0.0036341
0.252468	0.00365946
0.252835	0.003685
0.253203	0.00371071
0.25357	0.00373658
0.253938	0.00376263
0.254305	0.00378885
0.254673	0.00381525
0.25504	0.00384182
0.255408	0.00386856
0.255775	0.00389549
0.256143	0.00392258
0.25651	0.00394986
0.256878	0.00397732
0.257245	0.00400495
0.257613	0.00403276
0.25798	0.00406076
0.258348	0.00408893
0.258715	0.00411729
0.259083	0.00414583
0.25945	0.00417455
0.259818	0.00420346
0.260185	0.00423255
0.260553	0.00426182
0.26092	0.00429129
0.261288	0.00432094
0.261655	0.00435077
0.262023	0.00438079
0.26239	0.004411
0.262758	0.0044414
0.263125	0.00447199
0.263493	0.00450277
0.26386	0.00453374
0.264228	0.0045649
0.264595	0.00459625
0.264963	0.00462779
0.26533	0.00465952
0.265698	0.00469145
0.266065	0.00472357
0.266433	0.00475588
0.2668	0.00478838
0.267168	0.00482108
0.267535	0.00485398
0.267903	0.00488707
0.26827	0.00492035
0.268638	0.00495383
0.269005	0.00498751
0.269373	0.00502138
0.26974	0.00505545
0.270108	0.00508972
0.270475	0.00512418
0.270843	0.00515884
0.27121	0.0051937
0.271577	0.00522876
0.271945	0.00526402
0.272312	0.00529947
0.27268	0.00533513
0.273047	0.00537099
0.273415	0.00540704
0.273782	0.0054433
0.27415	0.00547976
0.274517	0.00551641
0.274885	0.00555327
0.275252	0.00559034
0.27562	0.0056276
0.275987	0.00566506
0.276355	0.00570273
0.276722	0.00574061
0.27709	0.00577868
0.277457	0.00581696
0.277825	0.00585544
0.278192	0.00589413
0.27856	0.00593303
0.278927	0.00597212
0.279295	0.00601143
0.279662	0.00605094
0.28003	0.00609066
0.280397	0.00613058
0.280765	0.00617072
0.281132	0.00621106
0.2815	0.00625161
0.281867	0.00629236
0.282235	0.00633333
0.282602	0.00637451
0.28297	0.0064159
0.283337	0.0064575
0.283705	0.00649932
0.284072	0.00654134
0.28444	0.00658358
0.284807	0.00662604
0.285175	0.00666871
0.285542	0.00671159
0.28591	0.00675469
0.286277	0.00679801
0.286645	0.00684155
0.287012	0.0068853
0.28738	0.00692928
0.287747	0.00697347
0.288115	0.00701789
0.288482	0.00706253
0.28885	0.0071074
0.289217	0.00715248
0.289585	0.0071978
0.289952	0.00724334
0.29032	0.00728911
0.290687	0.00733511
0.291055	0.00738134
0.291422	0.0074278
0.29179	0.00747449
0.292157	0.00752142
0.292525	0.00756859
0.292892	0.00761599
0.29326	0.00766363
0.293627	0.00771151
0.293995	0.00775963
0.294362	0.007808
0.29473	0.00785661
0.295097	0.00790547
0.295465	0.00795458
0.295832	0.00800393
0.2962	0.00805354
0.296567	0.0081034
0.296935	0.00815352
0.297302	0.0082039
0.29767	0.00825453
0.298037	0.00830543
0.298404	0.00835659
0.298772	0.00840802
0.299139	0.00845972
0.299507	0.00851168
0.299874	0.00856392
0.300242	0.00861644
0.300609	0.00866923
0.300977	0.0087223
0.301344	0.00877565
0.301712	0.00882929
0.302079	0.00888322
0.302447	0.00893743
0.302814	0.00899194
0.303182	0.00904674
0.303549	0.00910185
0.303917	0.00915725
0.304284	0.00921296
0.304652	0.00926897
0.305019	0.00932529
0.305387	0.00938193
0.305754	0.00943888
0.306122	0.00949615
0.306489	0.00955374
0.306857	0.00961166
0.307224	0.0096699
0.307592	0.00972848
0.307959	0.00978739
0.308327	0.00984664
0.308694	0.00990623
0.309062	0.00996616
0.309429	0.0100264
0.309797	0.0100871
0.310164	0.0101481
0.310532	0.0102094
0.310899	0.0102711
0.311267	0.0103332
0.311634	0.0103957
0.312002	0.0104585
0.312369	0.0105217
0.312737	0.0105853
0.313104	0.0106492
0.313472	0.0107136
0.313839	0.0107783
0.314207	0.0108435
0.314574	0.010909
0.314942	0.010975
0.315309	0.0110413
0.315677	0.0111081
0.316044	0.0111753
0.316412	0.0112429
0.316779	0.0113109
0.317147	0.0113794
0.317514	0.0114483
0.317882	0.0115176
0.318249	0.0115874
0.318617	0.0116576
0.318984	0.0117283
0.319352	0.0117994
0.319719	0.011871
0.320087	0.0119431
0.320454	0.0120156
0.320822	0.0120886
0.321189	0.0121621
0.321557	0.012236
0.321924	0.0123104
0.322292	0.0123854
0.322659	0.0124608
0.323027	0.0125367
0.323394	0.0126131
0.323762	0.01269
0.324129	0.0127675
0.324497	0.0128454
0.324864	0.0129239
0.325232	0.0130029
0.325599	0.0130824
0.325966	0.0131625
0.326334	0.013243
0.326701	0.0133242
0.327069	0.0134059
0.327436	0.0134881
0.327804	0.0135709
0.328171	0.0136542
0.328539	0.0137381
0.328906	0.0138226
0.329274	0.0139076
0.329641	0.0139933
0.330009	0.0140795
0.330376	0.0141663
0.330744	0.0142536
0.331111	0.0143416
0.331479	0.0144302
0.331846	0.0145194
0.332214	0.0146091
0.332581	0.0146995
0.332949	0.0147905
0.333316	0.0148821
0.333684	0.0149744
0.334051	0.0150672
0.334419	0.0151607
0.334786	0.0152549
0.335154	0.0153496
0.335521	0.015445
0.335889	0.0155411
0.336256	0.0156378
0.336624	0.0157352
0.336991	0.0158332
0.337359	0.0159318
0.337726	0.0160312
0.338094	0.0161312
0.338461	0.0162319
0.338829	0.0163332
0.339196	0.0164353
0.339564	0.016538
0.339931	0.0166414
0.340299	0.0167455
0.340666	0.0168503
0.341034	0.0169558
0.341401	0.017062
0.341769	0.0171688
0.342136	0.0172764
0.342504	0.0173847
0.342871	0.0174938
0.343239	0.0176035
0.343606	0.017714
0.343974	0.0178251
0.344341	0.017937
0.344709	0.0180497
0.345076	0.018163
0.345444	0.0182772
0.345811	0.018392
0.346179	0.0185076
0.346546	0.0186239
0.346914	0.018741
0.347281	0.0188588
0.347649	0.0189774
0.348016	0.0190967
0.348384	0.0192168
0.348751	0.0193377
0.349119	0.0194593
0.349486	0.0195817
0.349854	0.0197048
0.350221	0.0198288
0.350589	0.0199535
0.350956	0.0200789
0.351324	0.0202052
0.351691	0.0203322
0.352059	0.0204601
0.352426	0.0205887
0.352793	0.0207181
0.353161	0.0208483
0.353528	0.0209793
0.353896	0.0211111
0.354263	0.0212437
0.354631	0.0213771
0.354998	0.0215113
0.355366	0.0216463
0.355733	0.0217822
0.356101	0.0219188
0.356468	0.0220563
0.356836	0.0221945
0.357203	0.0223336
0.357571	0.0224736
0.357938	0.0226143
0.358306	0.0227559
0.358673	0.0228983
0.359041	0.0230416
0.359408	0.0231857
0.359776	0.0233306
0.360143	0.0234764
0.360511	0.023623
0.360878	0.0237704
0.361246	0.0239188
0.361613	0.0240679
0.361981	0.024218
0.362348	0.0243688
0.362716	0.0245206
0.363083	0.0246732
0.363451	0.0248267
0.363818	0.0249811
0.364186	0.0251363
0.364553	0.0252924
0.364921	0.0254494
0.365288	0.0256073
0.365656	0.0257661
0.366023	0.0259257
0.366391	0.0260863
0.366758	0.0262478
0.367126	0.0264101
0.367493	0.0265734
0.367861	0.0267376
0.368228	0.0269027
0.368596	0.0270687
0.368963	0.0272357
0.369331	0.0274035
0.369698	0.0275724
0.370066	0.0277421
0.370433	0.0279128
0.370801	0.0280844
0.371168	0.028257
0.371536	0.0284306
0.371903	0.0286051
0.372271	0.0287805
0.372638	0.028957
0.373006	0.0291344
0.373373	0.0293128
0.373741	0.0294922
0.374108	0.0296726
0.374476	0.029854
0.374843	0.0300364
0.375211	0.0302198
0.375578	0.0304042
0.375946	0.0305897
0.376313	0.0307762
0.376681	0.0309637
0.377048	0.0311523
0.377416	0.0313419
0.377783	0.0315326
0.378151	0.0317244
0.378518	0.0319172
0.378886	0.0321111
0.379253	0.0323061
0.37962	0.0325023
0.379988	0.0326995
0.380355	0.0328978
0.380723	0.0330973
0.38109	0.0332979
0.381458	0.0334997
0.381825	0.0337026
0.382193	0.0339067
0.38256	0.034112
0.382928	0.0343184
0.383295	0.0345261
0.383663	0.0347349
0.38403	0.034945
0.384398	0.0351563
0.384765	0.0353688
0.385133	0.0355826
0.3855	0.0357976
0.385868	0.0360139
0.386235	0.0362315
0.386603	0.0364504
0.38697	0.0366707
0.387338	0.0368922
0.387705	0.0371151
0.388073	0.0373393
0.38844	0.0375649
0.388808	0.0377918
0.389175	0.0380202
0.389543	0.03825
0.38991	0.0384811
0.390278	0.0387137
0.390645	0.0389478
0.391013	0.0391833
0.39138	0.0394203
0.391748	0.0396588
0.392115	0.0398989
0.392483	0.0401404
0.39285	0.0403835
0.393218	0.0406281
0.393585	0.0408743
0.393953	0.0411221
0.39432	0.0413716
0.394688	0.0416226
0.395055	0.0418753
0.395423	0.0421297
0.39579	0.0423857
0.396158	0.0426434
0.396525	0.0429029
0.396893	0.0431641
0.39726	0.0434271
0.397628	0.0436918
0.397995	0.0439583
0.398363	0.0442267
0.39873	0.0444968
0.399098	0.0447689
0.399465	0.0450428
0.399833	0.0453186
0.4002	0.0455963
0.400568	0.045876
0.400935	0.0461576
0.401303	0.0464412
0.40167	0.0467268
0.402038	0.0470144
0.402405	0.0473041
0.402773	0.0475959
0.40314	0.0478897
0.403508	0.0481857
0.403875	0.0484838
0.404243	0.048784
0.40461	0.0490864
0.404978	0.0493911
0.405345	0.049698
0.405713	0.0500071
0.40608	0.0503185
0.406448	0.0506322
0.406815	0.0509482
0.407182	0.0512666
0.40755	0.0515873
0.407917	0.0519104
0.408285	0.052236
0.408652	0.052564
0.40902	0.0528945
0.409387	0.0532274
0.409755	0.0535629
0.410122	0.0539009
0.41049	0.0542415
0.410857	0.0545847
0.411225	0.0549305
0.411592	0.055279
0.41196	0.0556301
0.412327	0.0559839
0.412695	0.0563405
0.413062	0.0566998
0.41343	0.0570618
0.413797	0.0574266
0.414165	0.0577943
0.414532	0.0581648
0.4149	0.0585382
0.415267	0.0589145
0.415635	0.0592937
0.416002	0.0596758
0.41637	0.0600609
0.416737	0.060449
0.417105	0.0608402
0.417472	0.0612343
0.41784	0.0616316
0.418207	0.0620319
0.418575	0.0624354
0.418942	0.062842
0.41931	0.0632518
0.419677	0.0636647
0.420045	0.0640809
0.420412	0.0645004
0.42078	0.064923
0.421147	0.065349
0.421515	0.0657783
0.421882	0.066211
0.42225	0.0666469
0.422617	0.0670863
0.422985	0.0675291
0.423352	0.0679753
0.42372	0.068425
0.424087	0.0688781
0.424455	0.0693348
0.424822	0.0697949
0.42519	0.0702586
0.425557	0.0707259
0.425925	0.0711967
0.426292	0.0716712
0.42666	0.0721493
0.427027	0.072631
0.427395	0.0731164
0.427762	0.0736055
0.42813	0.0740983
0.428497	0.0745948
0.428865	0.0750951
0.429232	0.0755991
0.4296	0.076107
0.429967	0.0766186
0.430335	0.0771341
0.430702	0.0776534
0.43107	0.0781766
0.431437	0.0787037
0.431805	0.0792346
0.432172	0.0797695
0.43254	0.0803084
0.432907	0.0808511
0.433275	0.0813979
0.433642	0.0819486
0.434009	0.0825034
0.434377	0.0830621
0.434744	0.0836249
0.435112	0.0841918
0.435479	0.0847627
0.435847	0.0853377
0.436214	0.0859168
0.436582	0.0865
0.436949	0.0870874
0.437317	0.0876789
0.437684	0.0882745
0.438052	0.0888743
0.438419	0.0894784
0.438787	0.0900866
0.439154	0.090699
0.439522	0.0913157
0.439889	0.0919366
0.440257	0.0925618
0.440624	0.0931912
0.440992	0.093825
0.441359	0.094463
0.441727	0.0951053
0.442094	0.095752
0.442462	0.096403
0.442829	0.0970584
0.443197	0.0977181
0.443564	0.0983823
0.443932	0.0990508
0.444299	0.0997237
0.444667	0.100401
0.445034	0.101083
0.445402	0.101769
0.445769	0.10246
0.446137	0.103155
0.446504	0.103855
0.446872	0.104559
0.447239	0.105268
0.447607	0.105981
0.447974	0.106699
0.448342	0.107421
0.448709	0.108148
0.449077	0.10888
0.449444	0.109616
0.449812	0.110357
0.450179	0.111102
0.450547	0.111852
0.450914	0.112607
0.451282	0.113367
0.451649	0.114131
0.452017	0.1149
0.452384	0.115674
0.452752	0.116453
0.453119	0.117236
0.453487	0.118024
0.453854	0.118817
0.454222	0.119615
0.454589	0.120418
0.454957	0.121226
0.455324	0.122039
0.455692	0.122857
0.456059	0.12368
0.456427	0.124508
0.456794	0.125341
0.457162	0.126179
0.457529	0.127022
0.457897	0.12787
0.458264	0.128724
0.458632	0.129583
0.458999	0.130447
0.459367	0.131316
0.459734	0.132191
0.460102	0.133071
0.460469	0.133957
0.460837	0.134848
0.461204	0.135744
0.461571	0.136646
0.461939	0.137554
0.462306	0.138467
0.462674	0.139386
0.463041	0.140311
0.463409	0.141242
0.463776	0.142178
0.464144	0.143121
0.464511	0.144069
0.464879	0.145023
0.465246	0.145984
0.465614	0.14695
0.465981	0.147923
0.466349	0.148902
0.466716	0.149887
0.467084	0.150879
0.467451	0.151877
0.467819	0.152882
0.468186	0.153893
0.468554	0.154911
0.468921	0.155935
0.469289	0.156967
0.469656	0.158005
0.470024	0.159051
0.470391	0.160103
0.470759	0.161162
0.471126	0.162229
0.471494	0.163303
0.471861	0.164385
0.472229	0.165474
0.472596	0.16657
0.472964	0.167674
0.473331	0.168786
0.473699	0.169906
0.474066	0.171034
0.474434	0.17217
0.474801	0.173314
0.475169	0.174466
0.475536	0.175627
0.475904	0.176796
0.476271	0.177973
0.476639	0.17916
0.477006	0.180355
0.477374	0.181559
0.477741	0.182772
0.478109	0.183995
0.478476	0.185226
0.478844	0.186467
0.479211	0.187718
0.479579	0.188978
0.479946	0.190248
0.480314	0.191528
0.480681	0.192818
0.481049	0.194118
0.481416	0.195428
0.481784	0.196749
0.482151	0.19808
0.482519	0.199422
0.482886	0.200775
0.483254	0.202139
0.483621	0.203513
0.483989	0.2049
0.484356	0.206297
0.484724	0.207706
0.485091	0.209126
0.485459	0.210559
0.485826	0.212003
0.486194	0.21346
0.486561	0.214928
0.486929	0.216409
0.487296	0.217903
0.487664	0.219409
0.488031	0.220928
0.488398	0.22246
0.488766	0.224005
0.489133	0.225563
0.489501	0.227135
0.489868	0.22872
0.490236	0.230319
0.490603	0.231932
0.490971	0.233559
0.491338	0.2352
0.491706	0.236855
0.492073	0.238525
0.492441	0.240209
0.492808	0.241908
0.493176	0.243622
0.493543	0.245351
0.493911	0.247095
0.494278	0.248855
0.494646	0.25063
0.495013	0.25242
0.495381	0.254226
0.495748	0.256048
0.496116	0.257886
0.496483	0.25974
0.496851	0.26161
0.497218	0.263497
0.497586	0.2654
0.497953	0.26732
0.498321	0.269257
0.498688	0.271211
0.499056	0.273181
0.499423	0.275169
0.499791	0.277174
0.500158	0.279196
0.500526	0.281236
0.500893	0.283294
0.501261	0.285369
0.501628	0.287462
0.501996	0.289572
0.502363	0.291701
0.502731	0.293848
0.503098	0.296013
0.503466	0.298196
0.503833	0.300398
0.504201	0.302618
0.504568	0.304857
0.504936	0.307114
0.505303	0.30939
0.505671	0.311684
0.506038	0.313997
0.506406	0.316329
0.506773	0.31868
0.507141	0.32105
0.507508	0.323439
0.507876	0.325847
0.508243	0.328274
0.508611	0.33072
0.508978	0.333185
0.509346	0.335669
0.509713	0.338173
0.510081	0.340695
0.510448	0.343237
0.510816	0.345798
0.511183	0.348377
0.511551	0.350977
0.511918	0.353595
0.512286	0.356232
0.512653	0.358888
0.513021	0.361564
0.513388	0.364258
0.513756	0.366972
0.514123	0.369704
0.514491	0.372456
0.514858	0.375226
0.515225	0.378015
0.515593	0.380822
0.51596	0.383648
0.516328	0.386493
0.516695	0.389356
0.517063	0.392238
0.51743	0.395138
0.517798	0.398056
0.518165	0.400992
0.518533	0.403946
0.5189	0.406918
0.519268	0.409907
0.519635	0.412915
0.520003	0.415939
0.52037	0.418981
0.520738	0.422041
0.521105	0.425117
0.521473	0.42821
0.52184	0.43132
0.522208	0.434446
0.522575	0.437589
0.522943	0.440747
0.52331	0.443922
0.523678	0.447113
0.524045	0.45032
0.524413	0.453541
0.52478	0.456778
0.525148	0.460031
0.525515	0.463298
0.525883	0.466579
0.52625	0.469875
0.526618	0.473185
0.526985	0.47651
0.527353	0.479848
0.52772	0.483199
0.528088	0.486564
0.528455	0.489941
0.528823	0.493332
0.52919	0.496735
0.529558	0.50015
0.529925	0.503578
0.530293	0.507017
0.53066	0.510468
0.531028	0.51393
0.531395	0.517403
0.531763	0.520886
0.53213	0.524381
0.532498	0.527885
0.532865	0.531399
0.533233	0.534923
0.5336	0.538457
0.533968	0.542
0.534335	0.545551
0.534703	0.549111
0.53507	0.55268
0.535438	0.556256
0.535805	0.559841
0.536173	0.563432
0.53654	0.567031
0.536908	0.570637
0.537275	0.57425
0.537643	0.577869
0.53801	0.581495
0.538378	0.585126
0.538745	0.588763
0.539113	0.592405
0.53948	0.596053
0.539848	0.599705
0.540215	0.603362
0.540583	0.607024
0.54095	0.610689
0.541318	0.614359
0.541685	0.618032
0.542053	0.621708
0.54242	0.625388
0.542787	0.629071
0.543155	0.632757
0.543522	0.636445
0.54389	0.640136
0.544257	0.643829
0.544625	0.647523
0.544992	0.65122
0.54536	0.654918
0.545727	0.658618
0.546095	0.662319
0.546462	0.666021
0.54683	0.669725
0.547197	0.673429
0.547565	0.677134
0.547932	0.680839
0.5483	0.684545
0.548667	0.688252
0.549035	0.691958
0.549402	0.695665
0.54977	0.699372
0.550137	0.70308
0.550505	0.706787
0.550872	0.710494
0.55124	0.714201
0.551607	0.717909
0.551975	0.721616
0.552342	0.725323
0.55271	0.72903
0.553077	0.732737
0.553445	0.736444
0.553812	0.740151
0.55418	0.743858
0.554547	0.747566
0.554915	0.751274
0.555282	0.754982
0.55565	0.758691
0.556017	0.7624
0.556385	0.76611
0.556752	0.769821
0.55712	0.773534
0.557487	0.777247
0.557855	0.780962
0.558222	0.784679
0.55859	0.788398
0.558957	0.792119
0.559325	0.795842
0.559692	0.799568
0.56006	0.803297
0.560427	0.807029
0.560795	0.810765
0.561162	0.814505
0.56153	0.818249
0.561897	0.821998
0.562265	0.825752
0.562632	0.829511
0.563	0.833276
0.563367	0.837047
0.563735	0.840825
0.564102	0.84461
0.56447	0.848402
0.564837	0.852203
0.565205	0.856012
0.565572	0.85983
0.56594	0.863658
0.566307	0.867496
0.566675	0.871344
0.567042	0.875204
0.56741	0.879075
0.567777	0.882959
0.568145	0.886855
0.568512	0.890766
0.56888	0.89469
0.569247	0.89863
0.569614	0.902585
0.569982	0.906556
0.570349	0.910544
0.570717	0.91455
0.571084	0.918574
0.571452	0.922617
0.571819	0.92668
0.572187	0.930763
0.572554	0.934867
0.572922	0.938994
0.573289	0.943143
0.573657	0.947316
0.574024	0.951513
0.574392	0.955736
0.574759	0.959984
0.575127	0.96426
0.575494	0.968563
0.575862	0.972894
0.576229	0.977255
0.576597	0.981646
0.576964	0.986068
0.577332	0.990523
0.577699	0.995009
0.578067	0.99953
0.578434	1.00409
0.578802	1.00868
0.579169	1.0133
0.579537	1.01797
0.579904	1.02267
0.580272	1.02741
0.580639	1.03219
0.581007	1.03702
0.581374	1.04188
0.581742	1.04679
0.582109	1.05174
0.582477	1.05673
0.582844	1.06178
0.583212	1.06686
0.583579	1.072
0.583947	1.07718
0.584314	1.08241
0.584682	1.08769
0.585049	1.09303
0.585417	1.09841
0.585784	1.10385
0.586152	1.10934
0.586519	1.11489
0.586887	1.12049
0.587254	1.12614
0.587622	1.13186
0.587989	1.13763
0.588357	1.14346
0.588724	1.14935
0.589092	1.1553
0.589459	1.16132
0.589827	1.16739
0.590194	1.17353
0.590562	1.17973
0.590929	1.18599
0.591297	1.19232
0.591664	1.19872
0.592032	1.20518
0.592399	1.21171
0.592767	1.21831
0.593134	1.22497
0.593502	1.23171
0.593869	1.23851
0.594237	1.24539
0.594604	1.25233
0.594972	1.25935
0.595339	1.26644
0.595707	1.2736
0.596074	1.28084
0.596441	1.28814
0.596809	1.29553
0.597176	1.30299
0.597544	1.31052
0.597911	1.31813
0.598279	1.32581
0.598646	1.33357
0.599014	1.34141
0.599381	1.34932
0.599749	1.35731
0.600116	1.36537
0.600484	1.37352
0.600851	1.38174
0.601219	1.39004
0.601586	1.39842
0.601954	1.40687
0.602321	1.4154
0.602689	1.42401
0.603056	1.4327
0.603424	1.44147
0.603791	1.45031
0.604159	1.45923
0.604526	1.46823
0.604894	1.47731
0.605261	1.48647
0.605629	1.4957
0.605996	1.50501
0.606364	1.51439
0.606731	1.52385
0.607099	1.53339
0.607466	1.543
0.607834	1.55269
0.608201	1.56245
0.608569	1.57229
0.608936	1.5822
0.609304	1.59218
0.609671	1.60223
0.610039	1.61236
0.610406	1.62256
0.610774	1.63283
0.611141	1.64316
0.611509	1.65357
0.611876	1.66404
0.612244	1.67459
0.612611	1.68519
0.612979	1.69587
0.613346	1.7066
0.613714	1.7174
0.614081	1.72827
0.614449	1.73919
0.614816	1.75018
0.615184	1.76122
0.615551	1.77232
0.615919	1.78348
0.616286	1.7947
0.616654	1.80596
0.617021	1.81729
0.617389	1.82866
0.617756	1.84008
0.618124	1.85155
0.618491	1.86307
0.618859	1.87464
0.619226	1.88625
0.619594	1.8979
0.619961	1.90959
0.620329	1.92133
0.620696	1.9331
0.621064	1.94491
0.621431	1.95675
0.621799	1.96862
0.622166	1.98053
0.622534	1.99247
0.622901	2.00443
0.623269	2.01642
0.623636	2.02844
0.624003	2.04047
0.624371	2.05253
0.624738	2.06461
0.625106	2.0767
0.625473	2.08881
0.625841	2.10093
0.626208	2.11305
0.626576	2.12519
0.626943	2.13734
0.627311	2.14949
0.627678	2.16164
0.628046	2.17379
0.628413	2.18594
0.628781	2.19808
0.629148	2.21022
0.629516	2.22235
0.629883	2.23447
0.630251	2.24657
0.630618	2.25866
0.630986	2.27074
0.631353	2.28279
0.631721	2.29482
0.632088	2.30683
0.632456	2.31881
0.632823	2.33076
0.633191	2.34268
0.633558	2.35457
0.633926	2.36642
0.634293	2.37824
0.634661	2.39001
0.635028	2.40174
0.635396	2.41343
0.635763	2.42507
0.636131	2.43666
0.636498	2.4482
0.636866	2.45968
0.637233	2.4711
0.637601	2.48247
0.637968	2.49378
0.638336	2.50502
0.638703	2.5162
0.639071	2.52731
0.639438	2.53834
0.639806	2.54931
0.640173	2.5602
0.640541	2.57101
0.640908	2.58175
0.641276	2.5924
0.641643	2.60297
0.642011	2.61345
0.642378	2.62384
0.642746	2.63414
0.643113	2.64435
0.643481	2.65447
0.643848	2.66449
0.644216	2.67441
0.644583	2.68422
0.644951	2.69394
0.645318	2.70355
0.645686	2.71305
0.646053	2.72244
0.646421	2.73172
0.646788	2.74089
0.647156	2.74994
0.647523	2.75887
0.647891	2.76769
0.648258	2.77638
0.648626	2.78495
0.648993	2.7934
0.649361	2.80172
0.649728	2.80991
0.650096	2.81797
0.650463	2.8259
0.65083	2.8337
0.651198	2.84136
0.651565	2.84889
0.651933	2.85628
0.6523	2.86353
0.652668	2.87063
0.653035	2.8776
0.653403	2.88442
0.65377	2.8911
0.654138	2.89763
0.654505	2.90401
0.654873	2.91024
0.65524	2.91632
0.655608	2.92225
0.655975	2.92803
0.656343	2.93366
0.65671	2.93913
0.657078	2.94444
0.657445	2.9496
0.657813	2.9546
0.65818	2.95944
0.658548	2.96412
0.658915	2.96864
0.659283	2.973
0.65965	2.9772
0.660018	2.98123
0.660385	2.9851
0.660753	2.98881
0.66112	2.99235
0.661488	2.99573
0.661855	2.99894
0.662223	3.00199
0.66259	3.00487
0.662958	3.00758
0.663325	3.01013
0.663693	3.01251
0.66406	3.01472
0.664428	3.01676
0.664795	3.01864
0.665163	3.02035
0.66553	3.02189
0.665898	3.02326
0.666265	3.02446
0.666633	3.0255
0.667	3.02637
0.667368	3.02707
0.667735	3.0276
0.668103	3.02797
0.66847	3.02817
0.668838	3.0282
0.669205	3.02807
0.669573	3.02777
0.66994	3.0273
0.670308	3.02667
0.670675	3.02587
0.671043	3.02492
0.67141	3.02379
0.671778	3.02251
0.672145	3.02106
0.672513	3.01945
0.67288	3.01768
0.673248	3.01575
0.673615	3.01367
0.673983	3.01142
0.67435	3.00902
0.674718	3.00646
0.675085	3.00374
0.675453	3.00087
0.67582	2.99785
0.676188	2.99467
0.676555	2.99134
0.676923	2.98786
0.67729	2.98424
0.677658	2.98046
0.678025	2.97654
0.678392	2.97247
0.67876	2.96826
0.679127	2.96391
0.679495	2.95941
0.679862	2.95478
0.68023	2.95
0.680597	2.94509
0.680965	2.94004
0.681332	2.93485
0.6817	2.92954
0.682067	2.92409
0.682435	2.91851
0.682802	2.9128
0.68317	2.90696
0.683537	2.901
0.683905	2.89492
0.684272	2.88871
0.68464	2.88238
0.685007	2.87593
0.685375	2.86936
0.685742	2.86268
0.68611	2.85588
0.686477	2.84897
0.686845	2.84195
0.687212	2.83482
0.68758	2.82758
0.687947	2.82024
0.688315	2.81279
0.688682	2.80524
0.68905	2.79759
0.689417	2.78983
0.689785	2.78199
0.690152	2.77404
0.69052	2.76601
0.690887	2.75788
0.691255	2.74966
0.691622	2.74135
0.69199	2.73296
0.692357	2.72448
0.692725	2.71592
0.693092	2.70728
0.69346	2.69855
0.693827	2.68976
0.694195	2.68088
0.694562	2.67193
0.69493	2.66291
0.695297	2.65382
0.695665	2.64466
0.696032	2.63543
0.6964	2.62614
0.696767	2.61679
0.697135	2.60737
0.697502	2.59789
0.69787	2.58836
0.698237	2.57877
0.698605	2.56912
0.698972	2.55943
0.69934	2.54968
0.699707	2.53988
0.700075	2.53003
0.700442	2.52014
0.70081	2.51021
0.701177	2.50023
0.701545	2.49021
0.701912	2.48015
0.70228	2.47005
0.702647	2.45992
0.703015	2.44976
0.703382	2.43956
0.70375	2.42933
0.704117	2.41907
0.704485	2.40878
0.704852	2.39846
0.705219	2.38812
0.705587	2.37776
0.705954	2.36737
0.706322	2.35697
0.706689	2.34654
0.707057	2.3361
0.707424	2.32564
0.707792	2.31517
0.708159	2.30468
0.708527	2.29418
0.708894	2.28367
0.709262	2.27315
0.709629	2.26262
0.709997	2.25209
0.710364	2.24155
0.710732	2.23101
0.711099	2.22046
0.711467	2.20991
0.711834	2.19936
0.712202	2.18882
0.712569	2.17827
0.712937	2.16773
0.713304	2.15719
0.713672	2.14665
0.714039	2.13613
0.714407	2.12561
0.714774	2.1151
0.715142	2.1046
0.715509	2.09411
0.715877	2.08363
0.716244	2.07316
0.716612	2.06271
0.716979	2.05227
0.717347	2.04185
0.717714	2.03145
0.718082	2.02106
0.718449	2.01069
0.718817	2.00034
0.719184	1.99001
0.719552	1.9797
0.719919	1.96942
0.720287	1.95915
0.720654	1.94891
0.721022	1.93869
0.721389	1.9285
0.721757	1.91833
0.722124	1.90819
0.722492	1.89808
0.722859	1.88799
0.723227	1.87794
0.723594	1.86791
0.723962	1.85791
0.724329	1.84794
0.724697	1.838
0.725064	1.8281
0.725432	1.81823
0.725799	1.80838
0.726167	1.79858
0.726534	1.7888
0.726902	1.77906
0.727269	1.76936
0.727637	1.75969
0.728004	1.75005
0.728372	1.74046
0.728739	1.73089
0.729107	1.72137
0.729474	1.71188
0.729842	1.70244
0.730209	1.69303
0.730577	1.68366
0.730944	1.67432
0.731312	1.66503
0.731679	1.65578
0.732046	1.64657
0.732414	1.6374
0.732781	1.62827
0.733149	1.61918
0.733516	1.61013
0.733884	1.60113
0.734251	1.59216
0.734619	1.58324
0.734986	1.57436
