# Frequency (eV) 	 Current Real 	 Imaginary
0	-0.0033425	0
0.000367493	-0.00334247	-0.000289594
0.000734986	-0.00334241	-0.000579188
0.00110248	-0.0033423	-0.000868782
0.00146997	-0.00334215	-0.00115838
0.00183747	-0.00334195	-0.00144797
0.00220496	-0.00334171	-0.00173756
0.00257245	-0.00334142	-0.00202716
0.00293995	-0.00334109	-0.00231675
0.00330744	-0.00334072	-0.00260635
0.00367493	-0.00334031	-0.00289595
0.00404243	-0.00333985	-0.00318554
0.00440992	-0.00333935	-0.00347514
0.00477741	-0.00333881	-0.00376474
0.00514491	-0.00333823	-0.00405434
0.0055124	-0.0033376	-0.00434394
0.00587989	-0.00333694	-0.00463354
0.00624738	-0.00333623	-0.00492314
0.00661488	-0.00333548	-0.00521275
0.00698237	-0.00333469	-0.00550235
0.00734986	-0.00333386	-0.00579196
0.00771736	-0.00333299	-0.00608157
0.00808485	-0.00333208	-0.00637118
0.00845234	-0.00333114	-0.00666079
0.00881984	-0.00333015	-0.00695041
0.00918733	-0.00332913	-0.00724003
0.00955482	-0.00332807	-0.00752965
0.00992232	-0.00332698	-0.00781927
0.0102898	-0.00332584	-0.0081089
0.0106573	-0.00332468	-0.00839853
0.0110248	-0.00332347	-0.00868817
0.0113923	-0.00332224	-0.00897781
0.0117598	-0.00332097	-0.00926746
0.0121273	-0.00331966	-0.00955711
0.0124948	-0.00331833	-0.00984676
0.0128623	-0.00331696	-0.0101364
0.0132298	-0.00331556	-0.0104261
0.0135972	-0.00331413	-0.0107158
0.0139647	-0.00331267	-0.0110055
0.0143322	-0.00331118	-0.0112951
0.0146997	-0.00330966	-0.0115848
0.0150672	-0.00330812	-0.0118746
0.0154347	-0.00330655	-0.0121643
0.0158022	-0.00330495	-0.012454
0.0161697	-0.00330332	-0.0127437
0.0165372	-0.00330167	-0.0130335
0.0169047	-0.0033	-0.0133233
0.0172722	-0.0032983	-0.013613
0.0176397	-0.00329659	-0.0139028
0.0180072	-0.00329484	-0.0141926
0.0183747	-0.00329308	-0.0144824
0.0187422	-0.0032913	-0.0147723
0.0191096	-0.0032895	-0.0150621
0.0194771	-0.00328768	-0.015352
0.0198446	-0.00328584	-0.0156419
0.0202121	-0.00328398	-0.0159318
0.0205796	-0.00328211	-0.0162217
0.0209471	-0.00328022	-0.0165117
0.0213146	-0.00327832	-0.0168016
0.0216821	-0.0032764	-0.0170916
0.0220496	-0.00327447	-0.0173816
0.0224171	-0.00327252	-0.0176717
0.0227846	-0.00327057	-0.0179618
0.0231521	-0.0032686	-0.0182518
0.0235196	-0.00326662	-0.018542
0.0238871	-0.00326464	-0.0188321
0.0242546	-0.00326264	-0.0191223
0.024622	-0.00326064	-0.0194125
0.0249895	-0.00325862	-0.0197028
0.025357	-0.0032566	-0.0199931
0.0257245	-0.00325458	-0.0202834
0.026092	-0.00325255	-0.0205737
0.0264595	-0.00325051	-0.0208641
0.026827	-0.00324847	-0.0211546
0.0271945	-0.00324642	-0.021445
0.027562	-0.00324437	-0.0217355
0.0279295	-0.00324232	-0.0220261
0.028297	-0.00324027	-0.0223167
0.0286645	-0.00323822	-0.0226074
0.029032	-0.00323616	-0.0228981
0.0293995	-0.00323411	-0.0231888
0.029767	-0.00323205	-0.0234796
0.0301344	-0.00323	-0.0237705
0.0305019	-0.00322794	-0.0240614
0.0308694	-0.00322589	-0.0243524
0.0312369	-0.00322384	-0.0246434
0.0316044	-0.00322179	-0.0249345
0.0319719	-0.00321975	-0.0252256
0.0323394	-0.00321771	-0.0255168
0.0327069	-0.00321567	-0.0258081
0.0330744	-0.00321363	-0.0260994
0.0334419	-0.0032116	-0.0263908
0.0338094	-0.00320957	-0.0266823
0.0341769	-0.00320755	-0.0269739
0.0345444	-0.00320553	-0.0272655
0.0349119	-0.00320352	-0.0275572
0.0352793	-0.00320151	-0.0278489
0.0356468	-0.00319951	-0.0281408
0.0360143	-0.00319751	-0.0284327
0.0363818	-0.00319551	-0.0287247
0.0367493	-0.00319353	-0.0290168
0.0371168	-0.00319154	-0.029309
0.0374843	-0.00318957	-0.0296013
0.0378518	-0.00318759	-0.0298936
0.0382193	-0.00318563	-0.0301861
0.0385868	-0.00318366	-0.0304786
0.0389543	-0.00318171	-0.0307713
0.0393218	-0.00317975	-0.031064
0.0396893	-0.0031778	-0.0313568
0.0400568	-0.00317586	-0.0316498
0.0404243	-0.00317392	-0.0319428
0.0407917	-0.00317198	-0.032236
0.0411592	-0.00317005	-0.0325292
0.0415267	-0.00316812	-0.0328226
0.0418942	-0.00316619	-0.033116
0.0422617	-0.00316426	-0.0334096
0.0426292	-0.00316234	-0.0337033
0.0429967	-0.00316041	-0.0339971
0.0433642	-0.00315849	-0.034291
0.0437317	-0.00315657	-0.0345851
0.0440992	-0.00315464	-0.0348793
0.0444667	-0.00315272	-0.0351736
0.0448342	-0.00315079	-0.035468
0.0452017	-0.00314886	-0.0357625
0.0455692	-0.00314693	-0.0360572
0.0459367	-0.00314499	-0.036352
0.0463041	-0.00314305	-0.036647
0.0466716	-0.0031411	-0.036942
0.0470391	-0.00313915	-0.0372373
0.0474066	-0.00313719	-0.0375326
0.0477741	-0.00313522	-0.0378281
0.0481416	-0.00313324	-0.0381237
0.0485091	-0.00313125	-0.0384195
0.0488766	-0.00312925	-0.0387154
0.0492441	-0.00312724	-0.0390115
0.0496116	-0.00312521	-0.0393077
0.0499791	-0.00312317	-0.0396041
0.0503466	-0.00312112	-0.0399006
0.0507141	-0.00311904	-0.0401973
0.0510816	-0.00311695	-0.0404942
0.0514491	-0.00311484	-0.0407912
0.0518165	-0.00311271	-0.0410883
0.052184	-0.00311056	-0.0413856
0.0525515	-0.00310839	-0.0416831
0.052919	-0.00310619	-0.0419807
0.0532865	-0.00310396	-0.0422785
0.053654	-0.00310171	-0.0425765
0.0540215	-0.00309943	-0.0428747
0.054389	-0.00309712	-0.043173
0.0547565	-0.00309478	-0.0434715
0.055124	-0.00309241	-0.0437701
0.0554915	-0.00309	-0.0440689
0.055859	-0.00308756	-0.0443679
0.0562265	-0.00308508	-0.0446671
0.056594	-0.00308256	-0.0449665
0.0569614	-0.00308001	-0.045266
0.0573289	-0.00307741	-0.0455657
0.0576964	-0.00307476	-0.0458656
0.0580639	-0.00307207	-0.0461657
0.0584314	-0.00306934	-0.046466
0.0587989	-0.00306656	-0.0467665
0.0591664	-0.00306372	-0.0470671
0.0595339	-0.00306084	-0.0473679
0.0599014	-0.0030579	-0.0476689
0.0602689	-0.00305491	-0.0479701
0.0606364	-0.00305186	-0.0482715
0.0610039	-0.00304875	-0.0485731
0.0613714	-0.00304558	-0.0488749
0.0617389	-0.00304235	-0.0491768
0.0621064	-0.00303906	-0.049479
0.0624738	-0.0030357	-0.0497814
0.0628413	-0.00303227	-0.0500839
0.0632088	-0.00302878	-0.0503867
0.0635763	-0.00302521	-0.0506896
0.0639438	-0.00302158	-0.0509927
0.0643113	-0.00301787	-0.0512961
0.0646788	-0.00301408	-0.0515996
0.0650463	-0.00301021	-0.0519033
0.0654138	-0.00300627	-0.0522073
0.0657813	-0.00300224	-0.0525114
0.0661488	-0.00299813	-0.0528157
0.0665163	-0.00299394	-0.0531202
0.0668838	-0.00298966	-0.053425
0.0672513	-0.00298529	-0.0537299
0.0676188	-0.00298083	-0.054035
0.0679862	-0.00297628	-0.0543403
0.0683537	-0.00297164	-0.0546459
0.0687212	-0.0029669	-0.0549516
0.0690887	-0.00296206	-0.0552575
0.0694562	-0.00295713	-0.0555636
0.0698237	-0.0029521	-0.05587
0.0701912	-0.00294696	-0.0561765
0.0705587	-0.00294172	-0.0564832
0.0709262	-0.00293637	-0.0567902
0.0712937	-0.00293092	-0.0570973
0.0716612	-0.00292536	-0.0574046
0.0720287	-0.00291968	-0.0577122
0.0723962	-0.0029139	-0.0580199
0.0727637	-0.002908	-0.0583278
0.0731312	-0.00290199	-0.0586359
0.0734986	-0.00289586	-0.0589443
0.0738661	-0.00288961	-0.0592528
0.0742336	-0.00288324	-0.0595615
0.0746011	-0.00287675	-0.0598705
0.0749686	-0.00287014	-0.0601796
0.0753361	-0.00286341	-0.0604889
0.0757036	-0.00285655	-0.0607984
0.0760711	-0.00284956	-0.0611081
0.0764386	-0.00284245	-0.061418
0.0768061	-0.0028352	-0.0617281
0.0771736	-0.00282783	-0.0620384
0.0775411	-0.00282032	-0.0623489
0.0779086	-0.00281268	-0.0626595
0.0782761	-0.00280491	-0.0629704
0.0786435	-0.002797	-0.0632815
0.079011	-0.00278895	-0.0635927
0.0793785	-0.00278076	-0.0639041
0.079746	-0.00277244	-0.0642158
0.0801135	-0.00276398	-0.0645276
0.080481	-0.00275537	-0.0648396
0.0808485	-0.00274663	-0.0651517
0.081216	-0.00273774	-0.0654641
0.0815835	-0.00272871	-0.0657766
0.081951	-0.00271953	-0.0660894
0.0823185	-0.00271021	-0.0664023
0.082686	-0.00270074	-0.0667154
0.0830535	-0.00269112	-0.0670286
0.083421	-0.00268136	-0.0673421
0.0837885	-0.00267145	-0.0676557
0.0841559	-0.00266139	-0.0679695
0.0845234	-0.00265118	-0.0682835
0.0848909	-0.00264082	-0.0685976
0.0852584	-0.0026303	-0.068912
0.0856259	-0.00261964	-0.0692265
0.0859934	-0.00260883	-0.0695411
0.0863609	-0.00259787	-0.0698559
0.0867284	-0.00258675	-0.0701709
0.0870959	-0.00257548	-0.0704861
0.0874634	-0.00256406	-0.0708014
0.0878309	-0.00255248	-0.0711169
0.0881984	-0.00254075	-0.0714326
0.0885659	-0.00252887	-0.0717484
0.0889334	-0.00251684	-0.0720644
0.0893009	-0.00250465	-0.0723806
0.0896683	-0.00249231	-0.0726969
0.0900358	-0.00247982	-0.0730133
0.0904033	-0.00246717	-0.0733299
0.0907708	-0.00245437	-0.0736467
0.0911383	-0.00244142	-0.0739636
0.0915058	-0.00242832	-0.0742807
0.0918733	-0.00241506	-0.0745979
0.0922408	-0.00240165	-0.0749153
0.0926083	-0.00238809	-0.0752328
0.0929758	-0.00237438	-0.0755505
0.0933433	-0.00236052	-0.0758683
0.0937108	-0.00234651	-0.0761863
0.0940783	-0.00233235	-0.0765044
0.0944458	-0.00231804	-0.0768227
0.0948133	-0.00230358	-0.0771411
0.0951807	-0.00228898	-0.0774596
0.0955482	-0.00227423	-0.0777783
0.0959157	-0.00225933	-0.0780971
0.0962832	-0.00224429	-0.0784161
0.0966507	-0.00222911	-0.0787352
0.0970182	-0.00221378	-0.0790544
0.0973857	-0.00219831	-0.0793738
0.0977532	-0.0021827	-0.0796933
0.0981207	-0.00216695	-0.080013
0.0984882	-0.00215105	-0.0803327
0.0988557	-0.00213503	-0.0806526
0.0992232	-0.00211886	-0.0809727
0.0995907	-0.00210256	-0.0812928
0.0999582	-0.00208613	-0.0816131
0.100326	-0.00206956	-0.0819336
0.100693	-0.00205286	-0.0822541
0.101061	-0.00203603	-0.0825748
0.101428	-0.00201908	-0.0828956
0.101796	-0.00200199	-0.0832166
0.102163	-0.00198478	-0.0835376
0.102531	-0.00196745	-0.0838588
0.102898	-0.00194999	-0.0841802
0.103266	-0.00193241	-0.0845016
0.103633	-0.00191472	-0.0848232
0.104001	-0.0018969	-0.0851449
0.104368	-0.00187897	-0.0854667
0.104736	-0.00186093	-0.0857886
0.105103	-0.00184277	-0.0861107
0.105471	-0.00182451	-0.0864329
0.105838	-0.00180613	-0.0867552
0.106206	-0.00178765	-0.0870776
0.106573	-0.00176906	-0.0874002
0.106941	-0.00175037	-0.0877229
0.107308	-0.00173158	-0.0880457
0.107676	-0.00171269	-0.0883686
0.108043	-0.0016937	-0.0886917
0.108411	-0.00167462	-0.0890149
0.108778	-0.00165544	-0.0893382
0.109145	-0.00163617	-0.0896616
0.109513	-0.00161682	-0.0899852
0.10988	-0.00159737	-0.0903089
0.110248	-0.00157785	-0.0906327
0.110615	-0.00155824	-0.0909566
0.110983	-0.00153855	-0.0912807
0.11135	-0.00151878	-0.0916049
0.111718	-0.00149893	-0.0919292
0.112085	-0.00147902	-0.0922537
0.112453	-0.00145902	-0.0925783
0.11282	-0.00143896	-0.092903
0.113188	-0.00141884	-0.0932278
0.113555	-0.00139865	-0.0935528
0.113923	-0.00137839	-0.093878
0.11429	-0.00135807	-0.0942032
0.114658	-0.0013377	-0.0945286
0.115025	-0.00131727	-0.0948542
0.115393	-0.00129678	-0.0951799
0.11576	-0.00127625	-0.0955057
0.116128	-0.00125566	-0.0958317
0.116495	-0.00123503	-0.0961578
0.116863	-0.00121435	-0.0964841
0.11723	-0.00119362	-0.0968105
0.117598	-0.00117286	-0.0971371
0.117965	-0.00115206	-0.0974638
0.118333	-0.00113122	-0.0977907
0.1187	-0.00111035	-0.0981177
0.119068	-0.00108944	-0.0984449
0.119435	-0.0010685	-0.0987723
0.119803	-0.00104754	-0.0990998
0.12017	-0.00102655	-0.0994275
0.120538	-0.00100553	-0.0997554
0.120905	-0.000984493	-0.100083
0.121273	-0.000963434	-0.100412
0.12164	-0.000942358	-0.10074
0.122008	-0.000921264	-0.101069
0.122375	-0.000900156	-0.101397
0.122743	-0.000879035	-0.101726
0.12311	-0.000857902	-0.102055
0.123478	-0.000836761	-0.102385
0.123845	-0.000815611	-0.102714
0.124213	-0.000794455	-0.103044
0.12458	-0.000773295	-0.103374
0.124948	-0.000752132	-0.103704
0.125315	-0.000730967	-0.104034
0.125683	-0.000709803	-0.104365
0.12605	-0.000688639	-0.104695
0.126418	-0.000667479	-0.105026
0.126785	-0.000646323	-0.105358
0.127153	-0.000625171	-0.105689
0.12752	-0.000604027	-0.106021
0.127888	-0.000582889	-0.106353
0.128255	-0.000561761	-0.106685
0.128623	-0.000540641	-0.107017
0.12899	-0.000519533	-0.10735
0.129358	-0.000498435	-0.107682
0.129725	-0.00047735	-0.108015
0.130093	-0.000456277	-0.108349
0.13046	-0.000435218	-0.108682
0.130828	-0.000414173	-0.109016
0.131195	-0.000393142	-0.10935
0.131563	-0.000372126	-0.109685
0.13193	-0.000351124	-0.11002
0.132298	-0.000330138	-0.110354
0.132665	-0.000309168	-0.11069
0.133033	-0.000288213	-0.111025
0.1334	-0.000267273	-0.111361
0.133768	-0.000246349	-0.111697
0.134135	-0.000225439	-0.112034
0.134503	-0.000204545	-0.11237
0.13487	-0.000183664	-0.112707
0.135238	-0.000162798	-0.113045
0.135605	-0.000141945	-0.113383
0.135972	-0.000121104	-0.113721
0.13634	-0.000100275	-0.114059
0.136707	-7.94563e-05	-0.114398
0.137075	-5.86477e-05	-0.114737
0.137442	-3.78478e-05	-0.115076
0.13781	-1.70555e-05	-0.115416
0.138177	3.73078e-06	-0.115756
0.138545	2.45123e-05	-0.116096
0.138912	4.52906e-05	-0.116437
0.13928	6.60673e-05	-0.116778
0.139647	8.68443e-05	-0.11712
0.140015	0.000107623	-0.117462
0.140382	0.000128406	-0.117804
0.14075	0.000149195	-0.118147
0.141117	0.000169993	-0.11849
0.141485	0.000190801	-0.118833
0.141852	0.000211622	-0.119177
0.14222	0.000232458	-0.119521
0.142587	0.000253313	-0.119866
0.142955	0.000274188	-0.120211
0.143322	0.000295088	-0.120557
0.14369	0.000316014	-0.120903
0.144057	0.00033697	-0.121249
0.144425	0.000357959	-0.121596
0.144792	0.000378984	-0.121943
0.14516	0.00040005	-0.122291
0.145527	0.000421158	-0.122639
0.145895	0.000442314	-0.122988
0.146262	0.000463521	-0.123337
0.14663	0.000484782	-0.123686
0.146997	0.000506102	-0.124036
0.147365	0.000527485	-0.124387
0.147732	0.000548935	-0.124738
0.1481	0.000570456	-0.125089
0.148467	0.000592053	-0.125441
0.148835	0.000613731	-0.125793
0.149202	0.000635493	-0.126146
0.14957	0.000657345	-0.1265
0.149937	0.000679292	-0.126853
0.150305	0.000701338	-0.127208
0.150672	0.000723489	-0.127563
0.15104	0.00074575	-0.127918
0.151407	0.000768125	-0.128274
0.151775	0.000790621	-0.12863
0.152142	0.000813243	-0.128987
0.15251	0.000835996	-0.129345
0.152877	0.000858886	-0.129702
0.153245	0.000881919	-0.130061
0.153612	0.0009051	-0.13042
0.15398	0.000928435	-0.130779
0.154347	0.00095193	-0.131139
0.154715	0.000975592	-0.1315
0.155082	0.000999426	-0.131861
0.15545	0.00102344	-0.132223
0.155817	0.00104764	-0.132585
0.156185	0.00107202	-0.132948
0.156552	0.00109661	-0.133311
0.15692	0.0011214	-0.133675
0.157287	0.0011464	-0.134039
0.157655	0.00117161	-0.134404
0.158022	0.00119705	-0.134769
0.15839	0.00122272	-0.135135
0.158757	0.00124863	-0.135502
0.159125	0.00127478	-0.135869
0.159492	0.00130118	-0.136237
0.15986	0.00132784	-0.136605
0.160227	0.00135476	-0.136973
0.160595	0.00138195	-0.137343
0.160962	0.00140942	-0.137713
0.16133	0.00143717	-0.138083
0.161697	0.00146521	-0.138454
0.162065	0.00149355	-0.138825
0.162432	0.0015222	-0.139197
0.162799	0.00155116	-0.13957
0.163167	0.00158043	-0.139943
0.163534	0.00161003	-0.140316
0.163902	0.00163996	-0.140691
0.164269	0.00167024	-0.141065
0.164637	0.00170085	-0.14144
0.165004	0.00173182	-0.141816
0.165372	0.00176315	-0.142193
0.165739	0.00179485	-0.142569
0.166107	0.00182691	-0.142947
0.166474	0.00185936	-0.143324
0.166842	0.00189219	-0.143703
0.167209	0.00192541	-0.144082
0.167577	0.00195903	-0.144461
0.167944	0.00199306	-0.144841
0.168312	0.00202749	-0.145221
0.168679	0.00206234	-0.145602
0.169047	0.00209762	-0.145984
0.169414	0.00213332	-0.146366
0.169782	0.00216946	-0.146748
0.170149	0.00220604	-0.147131
0.170517	0.00224307	-0.147514
0.170884	0.00228055	-0.147898
0.171252	0.00231848	-0.148282
0.171619	0.00235688	-0.148667
0.171987	0.00239575	-0.149052
0.172354	0.00243508	-0.149438
0.172722	0.0024749	-0.149824
0.173089	0.0025152	-0.15021
0.173457	0.00255598	-0.150597
0.173824	0.00259726	-0.150985
0.174192	0.00263903	-0.151372
0.174559	0.00268131	-0.15176
0.174927	0.00272408	-0.152149
0.175294	0.00276737	-0.152538
0.175662	0.00281116	-0.152927
0.176029	0.00285547	-0.153317
0.176397	0.0029003	-0.153707
0.176764	0.00294565	-0.154098
0.177132	0.00299153	-0.154489
0.177499	0.00303793	-0.15488
0.177867	0.00308486	-0.155271
0.178234	0.00313232	-0.155663
0.178602	0.00318032	-0.156056
0.178969	0.00322885	-0.156448
0.179337	0.00327792	-0.156841
0.179704	0.00332753	-0.157234
0.180072	0.00337768	-0.157628
0.180439	0.00342837	-0.158022
0.180807	0.0034796	-0.158416
0.181174	0.00353137	-0.15881
0.181542	0.00358369	-0.159204
0.181909	0.00363654	-0.159599
0.182277	0.00368995	-0.159994
0.182644	0.00374389	-0.16039
0.183012	0.00379837	-0.160785
0.183379	0.00385339	-0.161181
0.183747	0.00390896	-0.161577
0.184114	0.00396506	-0.161973
0.184482	0.0040217	-0.16237
0.184849	0.00407887	-0.162766
0.185217	0.00413657	-0.163163
0.185584	0.0041948	-0.16356
0.185952	0.00425356	-0.163957
0.186319	0.00431284	-0.164354
0.186687	0.00437264	-0.164752
0.187054	0.00443296	-0.165149
0.187422	0.0044938	-0.165547
0.187789	0.00455514	-0.165945
0.188157	0.00461699	-0.166342
0.188524	0.00467933	-0.16674
0.188892	0.00474218	-0.167139
0.189259	0.00480551	-0.167537
0.189627	0.00486933	-0.167935
0.189994	0.00493363	-0.168333
0.190361	0.0049984	-0.168732
0.190729	0.00506364	-0.16913
0.191096	0.00512934	-0.169529
0.191464	0.0051955	-0.169927
0.191831	0.00526211	-0.170326
0.192199	0.00532915	-0.170724
0.192566	0.00539663	-0.171123
0.192934	0.00546454	-0.171521
0.193301	0.00553286	-0.17192
0.193669	0.0056016	-0.172319
0.194036	0.00567074	-0.172717
0.194404	0.00574027	-0.173116
0.194771	0.00581019	-0.173515
0.195139	0.00588048	-0.173913
0.195506	0.00595114	-0.174312
0.195874	0.00602216	-0.17471
0.196241	0.00609352	-0.175109
0.196609	0.00616523	-0.175507
0.196976	0.00623726	-0.175905
0.197344	0.00630962	-0.176304
0.197711	0.00638228	-0.176702
0.198079	0.00645524	-0.1771
0.198446	0.00652849	-0.177498
0.198814	0.00660201	-0.177896
0.199181	0.0066758	-0.178294
0.199549	0.00674985	-0.178692
0.199916	0.00682413	-0.17909
0.200284	0.00689865	-0.179488
0.200651	0.0069734	-0.179886
0.201019	0.00704835	-0.180283
0.201386	0.0071235	-0.180681
0.201754	0.00719883	-0.181078
0.202121	0.00727434	-0.181476
0.202489	0.00735001	-0.181873
0.202856	0.00742583	-0.18227
0.203224	0.00750179	-0.182667
0.203591	0.00757787	-0.183064
0.203959	0.00765407	-0.183461
0.204326	0.00773037	-0.183858
0.204694	0.00780676	-0.184255
0.205061	0.00788322	-0.184652
0.205429	0.00795975	-0.185049
0.205796	0.00803633	-0.185445
0.206164	0.00811294	-0.185842
0.206531	0.00818959	-0.186238
0.206899	0.00826625	-0.186635
0.207266	0.00834291	-0.187031
0.207634	0.00841956	-0.187427
0.208001	0.00849619	-0.187824
0.208369	0.00857278	-0.18822
0.208736	0.00864933	-0.188616
0.209104	0.00872582	-0.189012
0.209471	0.00880224	-0.189408
0.209839	0.00887857	-0.189805
0.210206	0.00895481	-0.190201
0.210574	0.00903094	-0.190597
0.210941	0.00910696	-0.190993
0.211309	0.00918285	-0.191389
0.211676	0.00925859	-0.191785
0.212044	0.00933419	-0.192182
0.212411	0.00940962	-0.192578
0.212779	0.00948488	-0.192974
0.213146	0.00955995	-0.193371
0.213514	0.00963483	-0.193767
0.213881	0.0097095	-0.194164
0.214249	0.00978396	-0.19456
0.214616	0.0098582	-0.194957
0.214984	0.0099322	-0.195354
0.215351	0.010006	-0.195751
0.215719	0.0100795	-0.196148
0.216086	0.0101527	-0.196545
0.216454	0.0102257	-0.196942
0.216821	0.0102984	-0.19734
0.217188	0.0103708	-0.197738
0.217556	0.0104429	-0.198136
0.217923	0.0105147	-0.198534
0.218291	0.0105862	-0.198932
0.218658	0.0106574	-0.199331
0.219026	0.0107282	-0.19973
0.219393	0.0107988	-0.200129
0.219761	0.010869	-0.200529
0.220128	0.0109388	-0.200928
0.220496	0.0110084	-0.201328
0.220863	0.0110775	-0.201729
0.221231	0.0111463	-0.20213
0.221598	0.0112148	-0.202531
0.221966	0.0112829	-0.202932
0.222333	0.0113506	-0.203334
0.222701	0.0114179	-0.203736
0.223068	0.0114849	-0.204139
0.223436	0.0115515	-0.204542
0.223803	0.0116177	-0.204946
0.224171	0.0116836	-0.20535
0.224538	0.0117491	-0.205754
0.224906	0.0118142	-0.206159
0.225273	0.0118789	-0.206565
0.225641	0.0119432	-0.206971
0.226008	0.0120072	-0.207378
0.226376	0.0120707	-0.207785
0.226743	0.0121339	-0.208193
0.227111	0.0121968	-0.208602
0.227478	0.0122592	-0.209011
0.227846	0.0123213	-0.20942
0.228213	0.012383	-0.209831
0.228581	0.0124444	-0.210242
0.228948	0.0125054	-0.210654
0.229316	0.012566	-0.211066
0.229683	0.0126263	-0.211479
0.230051	0.0126862	-0.211893
0.230418	0.0127458	-0.212308
0.230786	0.0128051	-0.212723
0.231153	0.0128641	-0.21314
0.231521	0.0129227	-0.213557
0.231888	0.012981	-0.213975
0.232256	0.013039	-0.214393
0.232623	0.0130967	-0.214813
0.232991	0.0131541	-0.215233
0.233358	0.0132112	-0.215655
0.233726	0.0132681	-0.216077
0.234093	0.0133247	-0.2165
0.234461	0.0133811	-0.216924
0.234828	0.0134372	-0.217349
0.235196	0.013493	-0.217775
0.235563	0.0135487	-0.218202
0.235931	0.0136042	-0.21863
0.236298	0.0136594	-0.219059
0.236666	0.0137145	-0.219489
0.237033	0.0137694	-0.21992
0.237401	0.0138241	-0.220352
0.237768	0.0138787	-0.220785
0.238136	0.0139332	-0.221219
0.238503	0.0139875	-0.221655
0.238871	0.0140418	-0.222091
0.239238	0.0140959	-0.222528
0.239606	0.01415	-0.222967
0.239973	0.014204	-0.223407
0.240341	0.0142579	-0.223847
0.240708	0.0143119	-0.224289
0.241076	0.0143658	-0.224732
0.241443	0.0144197	-0.225177
0.241811	0.0144736	-0.225622
0.242178	0.0145276	-0.226069
0.242546	0.0145816	-0.226516
0.242913	0.0146357	-0.226965
0.243281	0.0146899	-0.227415
0.243648	0.0147441	-0.227867
0.244015	0.0147985	-0.228319
0.244383	0.014853	-0.228773
0.24475	0.0149077	-0.229228
0.245118	0.0149625	-0.229684
0.245485	0.0150176	-0.230141
0.245853	0.0150728	-0.2306
0.24622	0.0151282	-0.23106
0.246588	0.0151839	-0.231521
0.246955	0.0152399	-0.231983
0.247323	0.0152961	-0.232447
0.24769	0.0153526	-0.232911
0.248058	0.0154094	-0.233377
0.248425	0.0154665	-0.233845
0.248793	0.015524	-0.234313
0.24916	0.0155819	-0.234783
0.249528	0.0156401	-0.235254
0.249895	0.0156987	-0.235726
0.250263	0.0157577	-0.2362
0.25063	0.0158172	-0.236674
0.250998	0.0158771	-0.23715
0.251365	0.0159375	-0.237627
0.251733	0.0159984	-0.238105
0.2521	0.0160598	-0.238585
0.252468	0.0161216	-0.239066
0.252835	0.0161841	-0.239548
0.253203	0.016247	-0.240031
0.25357	0.0163106	-0.240515
0.253938	0.0163747	-0.241001
0.254305	0.0164394	-0.241487
0.254673	0.0165047	-0.241975
0.25504	0.0165707	-0.242464
0.255408	0.0166373	-0.242954
0.255775	0.0167045	-0.243446
0.256143	0.0167725	-0.243938
0.25651	0.0168411	-0.244432
0.256878	0.0169104	-0.244927
0.257245	0.0169804	-0.245422
0.257613	0.0170511	-0.245919
0.25798	0.0171226	-0.246417
0.258348	0.0171949	-0.246916
0.258715	0.0172679	-0.247416
0.259083	0.0173416	-0.247918
0.25945	0.0174162	-0.24842
0.259818	0.0174915	-0.248923
0.260185	0.0175677	-0.249427
0.260553	0.0176446	-0.249932
0.26092	0.0177224	-0.250439
0.261288	0.0178011	-0.250946
0.261655	0.0178805	-0.251454
0.262023	0.0179608	-0.251963
0.26239	0.018042	-0.252473
0.262758	0.018124	-0.252984
0.263125	0.018207	-0.253496
0.263493	0.0182907	-0.254009
0.26386	0.0183754	-0.254522
0.264228	0.018461	-0.255037
0.264595	0.0185474	-0.255552
0.264963	0.0186348	-0.256068
0.26533	0.018723	-0.256585
0.265698	0.0188122	-0.257103
0.266065	0.0189022	-0.257621
0.266433	0.0189932	-0.25814
0.2668	0.0190851	-0.25866
0.267168	0.0191779	-0.259181
0.267535	0.0192716	-0.259702
0.267903	0.0193662	-0.260224
0.26827	0.0194617	-0.260747
0.268638	0.0195582	-0.261271
0.269005	0.0196555	-0.261795
0.269373	0.0197538	-0.262319
0.26974	0.019853	-0.262845
0.270108	0.019953	-0.263371
0.270475	0.020054	-0.263897
0.270843	0.0201558	-0.264424
0.27121	0.0202586	-0.264952
0.271577	0.0203622	-0.26548
0.271945	0.0204667	-0.266009
0.272312	0.0205721	-0.266538
0.27268	0.0206783	-0.267068
0.273047	0.0207854	-0.267598
0.273415	0.0208934	-0.268129
0.273782	0.0210022	-0.26866
0.27415	0.0211118	-0.269191
0.274517	0.0212222	-0.269723
0.274885	0.0213335	-0.270256
0.275252	0.0214456	-0.270788
0.27562	0.0215584	-0.271322
0.275987	0.0216721	-0.271855
0.276355	0.0217865	-0.272389
0.276722	0.0219017	-0.272923
0.27709	0.0220176	-0.273458
0.277457	0.0221342	-0.273993
0.277825	0.0222516	-0.274528
0.278192	0.0223697	-0.275064
0.27856	0.0224885	-0.2756
0.278927	0.0226079	-0.276136
0.279295	0.022728	-0.276672
0.279662	0.0228488	-0.277209
0.28003	0.0229702	-0.277746
0.280397	0.0230922	-0.278283
0.280765	0.0232148	-0.278821
0.281132	0.023338	-0.279358
0.2815	0.0234618	-0.279896
0.281867	0.0235861	-0.280435
0.282235	0.023711	-0.280973
0.282602	0.0238364	-0.281512
0.28297	0.0239622	-0.282051
0.283337	0.0240886	-0.28259
0.283705	0.0242154	-0.283129
0.284072	0.0243427	-0.283669
0.28444	0.0244704	-0.284209
0.284807	0.0245985	-0.284748
0.285175	0.024727	-0.285289
0.285542	0.0248559	-0.285829
0.28591	0.0249851	-0.28637
0.286277	0.0251147	-0.286911
0.286645	0.0252446	-0.287452
0.287012	0.0253748	-0.287993
0.28738	0.0255052	-0.288535
0.287747	0.0256359	-0.289076
0.288115	0.0257669	-0.289618
0.288482	0.025898	-0.29016
0.28885	0.0260294	-0.290703
0.289217	0.026161	-0.291246
0.289585	0.0262927	-0.291789
0.289952	0.0264245	-0.292332
0.29032	0.0265565	-0.292875
0.290687	0.0266886	-0.293419
0.291055	0.0268208	-0.293963
0.291422	0.0269531	-0.294508
0.29179	0.0270854	-0.295052
0.292157	0.0272177	-0.295597
0.292525	0.02735	-0.296143
0.292892	0.0274824	-0.296688
0.29326	0.0276147	-0.297234
0.293627	0.027747	-0.297781
0.293995	0.0278792	-0.298327
0.294362	0.0280114	-0.298875
0.29473	0.0281434	-0.299422
0.295097	0.0282754	-0.29997
0.295465	0.0284072	-0.300519
0.295832	0.0285389	-0.301068
0.2962	0.0286705	-0.301617
0.296567	0.0288019	-0.302167
0.296935	0.0289331	-0.302717
0.297302	0.0290641	-0.303268
0.29767	0.0291949	-0.30382
0.298037	0.0293255	-0.304372
0.298404	0.0294558	-0.304925
0.298772	0.0295859	-0.305478
0.299139	0.0297157	-0.306032
0.299507	0.0298453	-0.306586
0.299874	0.0299746	-0.307141
0.300242	0.0301036	-0.307697
0.300609	0.0302323	-0.308254
0.300977	0.0303607	-0.308811
0.301344	0.0304887	-0.30937
0.301712	0.0306164	-0.309929
0.302079	0.0307438	-0.310488
0.302447	0.0308709	-0.311049
0.302814	0.0309975	-0.31161
0.303182	0.0311239	-0.312173
0.303549	0.0312498	-0.312736
0.303917	0.0313754	-0.3133
0.304284	0.0315007	-0.313865
0.304652	0.0316255	-0.314432
0.305019	0.03175	-0.314999
0.305387	0.031874	-0.315567
0.305754	0.0319977	-0.316136
0.306122	0.032121	-0.316707
0.306489	0.0322439	-0.317278
0.306857	0.0323664	-0.317851
0.307224	0.0324886	-0.318425
0.307592	0.0326103	-0.319
0.307959	0.0327317	-0.319576
0.308327	0.0328526	-0.320153
0.308694	0.0329732	-0.320732
0.309062	0.0330934	-0.321312
0.309429	0.0332133	-0.321894
0.309797	0.0333327	-0.322476
0.310164	0.0334518	-0.323061
0.310532	0.0335706	-0.323646
0.310899	0.0336889	-0.324233
0.311267	0.033807	-0.324822
0.311634	0.0339247	-0.325412
0.312002	0.0340421	-0.326004
0.312369	0.0341591	-0.326597
0.312737	0.0342759	-0.327191
0.313104	0.0343923	-0.327788
0.313472	0.0345085	-0.328386
0.313839	0.0346244	-0.328985
0.314207	0.03474	-0.329587
0.314574	0.0348554	-0.33019
0.314942	0.0349705	-0.330794
0.315309	0.0350854	-0.331401
0.315677	0.0352002	-0.332009
0.316044	0.0353147	-0.332619
0.316412	0.035429	-0.333231
0.316779	0.0355432	-0.333845
0.317147	0.0356572	-0.334461
0.317514	0.0357711	-0.335079
0.317882	0.0358849	-0.335698
0.318249	0.0359986	-0.33632
0.318617	0.0361122	-0.336943
0.318984	0.0362258	-0.337569
0.319352	0.0363394	-0.338196
0.319719	0.0364529	-0.338826
0.320087	0.0365665	-0.339458
0.320454	0.03668	-0.340091
0.320822	0.0367937	-0.340727
0.321189	0.0369074	-0.341365
0.321557	0.0370212	-0.342005
0.321924	0.0371351	-0.342648
0.322292	0.0372492	-0.343292
0.322659	0.0373634	-0.343939
0.323027	0.0374779	-0.344588
0.323394	0.0375925	-0.345239
0.323762	0.0377074	-0.345892
0.324129	0.0378226	-0.346548
0.324497	0.037938	-0.347206
0.324864	0.0380538	-0.347866
0.325232	0.0381699	-0.348528
0.325599	0.0382864	-0.349193
0.325966	0.0384033	-0.34986
0.326334	0.0385206	-0.35053
0.326701	0.0386384	-0.351202
0.327069	0.0387567	-0.351876
0.327436	0.0388754	-0.352552
0.327804	0.0389947	-0.353231
0.328171	0.0391146	-0.353913
0.328539	0.039235	-0.354597
0.328906	0.0393561	-0.355283
0.329274	0.0394778	-0.355971
0.329641	0.0396002	-0.356662
0.330009	0.0397233	-0.357356
0.330376	0.0398471	-0.358052
0.330744	0.0399717	-0.35875
0.331111	0.0400971	-0.359451
0.331479	0.0402233	-0.360154
0.331846	0.0403503	-0.36086
0.332214	0.0404782	-0.361568
0.332581	0.040607	-0.362278
0.332949	0.0407368	-0.362991
0.333316	0.0408675	-0.363707
0.333684	0.0409991	-0.364425
0.334051	0.0411318	-0.365145
0.334419	0.0412656	-0.365868
0.334786	0.0414004	-0.366593
0.335154	0.0415363	-0.367321
0.335521	0.0416733	-0.368051
0.335889	0.0418115	-0.368784
0.336256	0.0419509	-0.369519
0.336624	0.0420914	-0.370256
0.336991	0.0422332	-0.370996
0.337359	0.0423763	-0.371738
0.337726	0.0425206	-0.372483
0.338094	0.0426663	-0.37323
0.338461	0.0428132	-0.37398
0.338829	0.0429616	-0.374732
0.339196	0.0431113	-0.375486
0.339564	0.0432624	-0.376243
0.339931	0.0434149	-0.377001
0.340299	0.0435689	-0.377763
0.340666	0.0437244	-0.378526
0.341034	0.0438814	-0.379292
0.341401	0.0440399	-0.380061
0.341769	0.0441999	-0.380831
0.342136	0.0443615	-0.381604
0.342504	0.0445247	-0.382379
0.342871	0.0446895	-0.383157
0.343239	0.0448559	-0.383937
0.343606	0.0450239	-0.384718
0.343974	0.0451936	-0.385503
0.344341	0.045365	-0.386289
0.344709	0.0455381	-0.387077
0.345076	0.0457129	-0.387868
0.345444	0.0458894	-0.388661
0.345811	0.0460677	-0.389456
0.346179	0.0462477	-0.390253
0.346546	0.0464296	-0.391052
0.346914	0.0466132	-0.391853
0.347281	0.0467986	-0.392657
0.347649	0.0469858	-0.393462
0.348016	0.0471749	-0.39427
0.348384	0.0473658	-0.395079
0.348751	0.0475585	-0.395891
0.349119	0.0477532	-0.396704
0.349486	0.0479497	-0.397519
0.349854	0.048148	-0.398337
0.350221	0.0483483	-0.399156
0.350589	0.0485505	-0.399977
0.350956	0.0487546	-0.4008
0.351324	0.0489605	-0.401625
0.351691	0.0491685	-0.402452
0.352059	0.0493783	-0.403281
0.352426	0.0495901	-0.404111
0.352793	0.0498038	-0.404943
0.353161	0.0500194	-0.405777
0.353528	0.050237	-0.406613
0.353896	0.0504566	-0.407451
0.354263	0.0506781	-0.40829
0.354631	0.0509015	-0.409131
0.354998	0.0511269	-0.409974
0.355366	0.0513542	-0.410818
0.355733	0.0515835	-0.411664
0.356101	0.0518147	-0.412511
0.356468	0.0520478	-0.413361
0.356836	0.0522829	-0.414211
0.357203	0.05252	-0.415064
0.357571	0.052759	-0.415918
0.357938	0.0529999	-0.416773
0.358306	0.0532427	-0.41763
0.358673	0.0534874	-0.418489
0.359041	0.0537341	-0.419349
0.359408	0.0539826	-0.420211
0.359776	0.0542331	-0.421074
0.360143	0.0544854	-0.421938
0.360511	0.0547396	-0.422804
0.360878	0.0549957	-0.423672
0.361246	0.0552536	-0.42454
0.361613	0.0555134	-0.425411
0.361981	0.055775	-0.426282
0.362348	0.0560385	-0.427155
0.362716	0.0563038	-0.42803
0.363083	0.0565708	-0.428905
0.363451	0.0568397	-0.429782
0.363818	0.0571103	-0.430661
0.364186	0.0573827	-0.431541
0.364553	0.0576569	-0.432422
0.364921	0.0579328	-0.433304
0.365288	0.0582104	-0.434188
0.365656	0.0584897	-0.435073
0.366023	0.0587707	-0.435959
0.366391	0.0590533	-0.436847
0.366758	0.0593377	-0.437736
0.367126	0.0596236	-0.438626
0.367493	0.0599112	-0.439518
0.367861	0.0602004	-0.440411
0.368228	0.0604911	-0.441305
0.368596	0.0607835	-0.4422
0.368963	0.0610773	-0.443097
0.369331	0.0613728	-0.443995
0.369698	0.0616697	-0.444894
0.370066	0.0619681	-0.445795
0.370433	0.062268	-0.446697
0.370801	0.0625693	-0.4476
0.371168	0.0628721	-0.448504
0.371536	0.0631763	-0.44941
0.371903	0.0634819	-0.450317
0.372271	0.0637889	-0.451226
0.372638	0.0640972	-0.452135
0.373006	0.0644069	-0.453046
0.373373	0.0647179	-0.453959
0.373741	0.0650302	-0.454873
0.374108	0.0653437	-0.455788
0.374476	0.0656585	-0.456704
0.374843	0.0659746	-0.457622
0.375211	0.0662919	-0.458542
0.375578	0.0666103	-0.459462
0.375946	0.06693	-0.460385
0.376313	0.0672508	-0.461308
0.376681	0.0675728	-0.462233
0.377048	0.0678959	-0.46316
0.377416	0.0682201	-0.464088
0.377783	0.0685454	-0.465018
0.378151	0.0688717	-0.465949
0.378518	0.0691991	-0.466882
0.378886	0.0695276	-0.467816
0.379253	0.069857	-0.468753
0.37962	0.0701875	-0.46969
0.379988	0.0705189	-0.47063
0.380355	0.0708514	-0.471571
0.380723	0.0711847	-0.472513
0.38109	0.0715191	-0.473458
0.381458	0.0718543	-0.474404
0.381825	0.0721905	-0.475352
0.382193	0.0725275	-0.476302
0.38256	0.0728654	-0.477254
0.382928	0.0732043	-0.478208
0.383295	0.0735439	-0.479164
0.383663	0.0738845	-0.480121
0.38403	0.0742258	-0.481081
0.384398	0.074568	-0.482042
0.384765	0.0749111	-0.483006
0.385133	0.0752549	-0.483972
0.3855	0.0755995	-0.48494
0.385868	0.075945	-0.48591
0.386235	0.0762912	-0.486882
0.386603	0.0766382	-0.487857
0.38697	0.0769861	-0.488834
0.387338	0.0773346	-0.489813
0.387705	0.077684	-0.490795
0.388073	0.0780342	-0.491779
0.38844	0.0783851	-0.492766
0.388808	0.0787368	-0.493755
0.389175	0.0790893	-0.494746
0.389543	0.0794425	-0.49574
0.38991	0.0797965	-0.496737
0.390278	0.0801514	-0.497737
0.390645	0.080507	-0.498739
0.391013	0.0808634	-0.499744
0.39138	0.0812206	-0.500752
0.391748	0.0815786	-0.501762
0.392115	0.0819374	-0.502776
0.392483	0.0822971	-0.503792
0.39285	0.0826576	-0.504812
0.393218	0.083019	-0.505835
0.393585	0.0833812	-0.50686
0.393953	0.0837443	-0.507889
0.39432	0.0841083	-0.508921
0.394688	0.0844733	-0.509956
0.395055	0.0848391	-0.510995
0.395423	0.0852059	-0.512037
0.39579	0.0855737	-0.513082
0.396158	0.0859425	-0.514131
0.396525	0.0863122	-0.515183
0.396893	0.0866831	-0.516239
0.39726	0.087055	-0.517298
0.397628	0.0874279	-0.518361
0.397995	0.087802	-0.519428
0.398363	0.0881773	-0.520498
0.39873	0.0885537	-0.521572
0.399098	0.0889313	-0.52265
0.399465	0.0893102	-0.523732
0.399833	0.0896904	-0.524818
0.4002	0.0900718	-0.525908
0.400568	0.0904546	-0.527002
0.400935	0.0908388	-0.5281
0.401303	0.0912244	-0.529202
0.40167	0.0916115	-0.530308
0.402038	0.0920001	-0.531418
0.402405	0.0923902	-0.532533
0.402773	0.0927819	-0.533652
0.40314	0.0931753	-0.534775
0.403508	0.0935703	-0.535903
0.403875	0.0939671	-0.537035
0.404243	0.0943657	-0.538172
0.40461	0.094766	-0.539313
0.404978	0.0951683	-0.540459
0.405345	0.0955725	-0.541609
0.405713	0.0959787	-0.542764
0.40608	0.0963869	-0.543924
0.406448	0.0967972	-0.545088
0.406815	0.0972096	-0.546257
0.407182	0.0976243	-0.547431
0.40755	0.0980412	-0.54861
0.407917	0.0984605	-0.549794
0.408285	0.0988821	-0.550983
0.408652	0.0993062	-0.552176
0.40902	0.0997328	-0.553375
0.409387	0.100162	-0.554578
0.409755	0.100594	-0.555787
0.410122	0.101028	-0.557001
0.41049	0.101466	-0.55822
0.410857	0.101906	-0.559444
0.411225	0.102349	-0.560673
0.411592	0.102795	-0.561907
0.41196	0.103244	-0.563147
0.412327	0.103696	-0.564391
0.412695	0.104152	-0.565641
0.413062	0.10461	-0.566896
0.41343	0.105072	-0.568157
0.413797	0.105538	-0.569423
0.414165	0.106007	-0.570694
0.414532	0.106479	-0.571971
0.4149	0.106955	-0.573253
0.415267	0.107435	-0.57454
0.415635	0.107919	-0.575832
0.416002	0.108406	-0.57713
0.41637	0.108898	-0.578434
0.416737	0.109393	-0.579743
0.417105	0.109893	-0.581057
0.417472	0.110396	-0.582377
0.41784	0.110904	-0.583702
0.418207	0.111417	-0.585032
0.418575	0.111933	-0.586368
0.418942	0.112455	-0.587709
0.41931	0.11298	-0.589056
0.419677	0.113511	-0.590408
0.420045	0.114046	-0.591766
0.420412	0.114586	-0.593129
0.42078	0.115131	-0.594497
0.421147	0.115681	-0.595871
0.421515	0.116236	-0.59725
0.421882	0.116796	-0.598634
0.42225	0.117361	-0.600024
0.422617	0.117931	-0.601419
0.422985	0.118507	-0.602819
0.423352	0.119089	-0.604224
0.42372	0.119675	-0.605635
0.424087	0.120268	-0.607051
0.424455	0.120866	-0.608472
0.424822	0.12147	-0.609899
0.42519	0.12208	-0.61133
0.425557	0.122695	-0.612767
0.425925	0.123317	-0.614209
0.426292	0.123944	-0.615655
0.42666	0.124578	-0.617107
0.427027	0.125218	-0.618564
0.427395	0.125864	-0.620025
0.427762	0.126517	-0.621492
0.42813	0.127176	-0.622963
0.428497	0.127841	-0.62444
0.428865	0.128513	-0.625921
0.429232	0.129192	-0.627406
0.4296	0.129877	-0.628897
0.429967	0.130569	-0.630392
0.430335	0.131267	-0.631892
0.430702	0.131973	-0.633396
0.43107	0.132685	-0.634905
0.431437	0.133405	-0.636418
0.431805	0.134131	-0.637935
0.432172	0.134865	-0.639457
0.43254	0.135606	-0.640984
0.432907	0.136354	-0.642514
0.433275	0.137109	-0.644049
0.433642	0.137871	-0.645588
0.434009	0.138641	-0.64713
0.434377	0.139418	-0.648677
0.434744	0.140203	-0.650228
0.435112	0.140995	-0.651783
0.435479	0.141795	-0.653341
0.435847	0.142602	-0.654904
0.436214	0.143417	-0.65647
0.436582	0.144239	-0.65804
0.436949	0.14507	-0.659613
0.437317	0.145908	-0.66119
0.437684	0.146753	-0.66277
0.438052	0.147607	-0.664354
0.438419	0.148468	-0.665941
0.438787	0.149337	-0.667531
0.439154	0.150214	-0.669125
0.439522	0.151099	-0.670722
0.439889	0.151992	-0.672322
0.440257	0.152893	-0.673925
0.440624	0.153801	-0.675531
0.440992	0.154718	-0.677139
0.441359	0.155643	-0.678751
0.441727	0.156575	-0.680366
0.442094	0.157516	-0.681983
0.442462	0.158465	-0.683603
0.442829	0.159421	-0.685225
0.443197	0.160386	-0.68685
0.443564	0.161359	-0.688478
0.443932	0.16234	-0.690108
0.444299	0.163329	-0.691741
0.444667	0.164325	-0.693375
0.445034	0.16533	-0.695012
0.445402	0.166343	-0.696652
0.445769	0.167364	-0.698293
0.446137	0.168394	-0.699937
0.446504	0.169431	-0.701582
0.446872	0.170476	-0.70323
0.447239	0.171529	-0.70488
0.447607	0.17259	-0.706531
0.447974	0.173659	-0.708185
0.448342	0.174736	-0.70984
0.448709	0.175821	-0.711497
0.449077	0.176914	-0.713156
0.449444	0.178015	-0.714817
0.449812	0.179123	-0.716479
0.450179	0.18024	-0.718143
0.450547	0.181364	-0.719809
0.450914	0.182496	-0.721476
0.451282	0.183636	-0.723145
0.451649	0.184784	-0.724815
0.452017	0.185939	-0.726487
0.452384	0.187102	-0.72816
0.452752	0.188273	-0.729835
0.453119	0.189452	-0.731511
0.453487	0.190638	-0.733188
0.453854	0.191831	-0.734868
0.454222	0.193033	-0.736548
0.454589	0.194241	-0.73823
0.454957	0.195458	-0.739913
0.455324	0.196682	-0.741598
0.455692	0.197913	-0.743284
0.456059	0.199151	-0.744971
0.456427	0.200397	-0.74666
0.456794	0.201651	-0.74835
0.457162	0.202911	-0.750041
0.457529	0.204179	-0.751734
0.457897	0.205454	-0.753429
0.458264	0.206737	-0.755125
0.458632	0.208026	-0.756822
0.458999	0.209323	-0.758521
0.459367	0.210627	-0.760221
0.459734	0.211938	-0.761923
0.460102	0.213256	-0.763626
0.460469	0.214581	-0.765331
0.460837	0.215913	-0.767037
0.461204	0.217252	-0.768745
0.461571	0.218598	-0.770455
0.461939	0.219951	-0.772167
0.462306	0.221311	-0.77388
0.462674	0.222678	-0.775595
0.463041	0.224052	-0.777312
0.463409	0.225433	-0.779031
0.463776	0.226821	-0.780752
0.464144	0.228215	-0.782475
0.464511	0.229617	-0.7842
0.464879	0.231025	-0.785928
0.465246	0.23244	-0.787657
0.465614	0.233862	-0.789389
0.465981	0.235291	-0.791123
0.466349	0.236727	-0.792859
0.466716	0.238169	-0.794598
0.467084	0.239619	-0.796339
0.467451	0.241075	-0.798084
0.467819	0.242538	-0.79983
0.468186	0.244009	-0.80158
0.468554	0.245486	-0.803333
0.468921	0.24697	-0.805088
0.469289	0.248461	-0.806847
0.469656	0.249959	-0.808608
0.470024	0.251464	-0.810373
0.470391	0.252976	-0.812141
0.470759	0.254496	-0.813913
0.471126	0.256022	-0.815688
0.471494	0.257556	-0.817466
0.471861	0.259097	-0.819249
0.472229	0.260646	-0.821035
0.472596	0.262202	-0.822825
0.472964	0.263765	-0.824619
0.473331	0.265336	-0.826417
0.473699	0.266914	-0.828219
0.474066	0.2685	-0.830025
0.474434	0.270094	-0.831836
0.474801	0.271696	-0.833651
0.475169	0.273306	-0.835471
0.475536	0.274924	-0.837295
0.475904	0.276549	-0.839124
0.476271	0.278184	-0.840958
0.476639	0.279826	-0.842797
0.477006	0.281477	-0.844641
0.477374	0.283136	-0.84649
0.477741	0.284805	-0.848345
0.478109	0.286482	-0.850204
0.478476	0.288168	-0.85207
0.478844	0.289863	-0.85394
0.479211	0.291567	-0.855816
0.479579	0.293281	-0.857698
0.479946	0.295004	-0.859586
0.480314	0.296737	-0.861479
0.480681	0.298479	-0.863379
0.481049	0.300232	-0.865284
0.481416	0.301995	-0.867196
0.481784	0.303768	-0.869114
0.482151	0.305552	-0.871038
0.482519	0.307346	-0.872968
0.482886	0.309152	-0.874905
0.483254	0.310968	-0.876848
0.483621	0.312796	-0.878798
0.483989	0.314635	-0.880754
0.484356	0.316486	-0.882717
0.484724	0.318349	-0.884687
0.485091	0.320224	-0.886663
0.485459	0.322111	-0.888646
0.485826	0.324011	-0.890636
0.486194	0.325923	-0.892633
0.486561	0.327849	-0.894637
0.486929	0.329788	-0.896647
0.487296	0.33174	-0.898665
0.487664	0.333706	-0.900689
0.488031	0.335686	-0.902721
0.488398	0.33768	-0.904759
0.488766	0.339689	-0.906804
0.489133	0.341712	-0.908857
0.489501	0.343751	-0.910916
0.489868	0.345805	-0.912982
0.490236	0.347874	-0.915055
0.490603	0.349959	-0.917135
0.490971	0.35206	-0.919221
0.491338	0.354178	-0.921315
0.491706	0.356312	-0.923415
0.492073	0.358463	-0.925522
0.492441	0.360631	-0.927636
0.492808	0.362816	-0.929756
0.493176	0.36502	-0.931882
0.493543	0.367241	-0.934015
0.493911	0.369481	-0.936155
0.494278	0.371739	-0.9383
0.494646	0.374016	-0.940452
0.495013	0.376313	-0.94261
0.495381	0.378629	-0.944773
0.495748	0.380965	-0.946943
0.496116	0.38332	-0.949118
0.496483	0.385697	-0.951298
0.496851	0.388093	-0.953484
0.497218	0.390511	-0.955675
0.497586	0.39295	-0.957872
0.497953	0.395411	-0.960073
0.498321	0.397893	-0.962278
0.498688	0.400398	-0.964489
0.499056	0.402925	-0.966703
0.499423	0.405475	-0.968922
0.499791	0.408048	-0.971144
0.500158	0.410644	-0.973371
0.500526	0.413263	-0.9756
0.500893	0.415907	-0.977833
0.501261	0.418575	-0.980069
0.501628	0.421267	-0.982308
0.501996	0.423983	-0.984549
0.502363	0.426725	-0.986792
0.502731	0.429492	-0.989037
0.503098	0.432285	-0.991284
0.503466	0.435103	-0.993532
0.503833	0.437947	-0.995781
0.504201	0.440817	-0.998031
0.504568	0.443714	-1.00028
0.504936	0.446638	-1.00253
0.505303	0.449589	-1.00478
0.505671	0.452567	-1.00703
0.506038	0.455572	-1.00928
0.506406	0.458605	-1.01153
0.506773	0.461666	-1.01378
0.507141	0.464755	-1.01602
0.507508	0.467872	-1.01826
0.507876	0.471018	-1.0205
0.508243	0.474193	-1.02274
0.508611	0.477396	-1.02497
0.508978	0.480629	-1.0272
0.509346	0.48389	-1.02942
0.509713	0.487181	-1.03164
0.510081	0.490502	-1.03385
0.510448	0.493852	-1.03606
0.510816	0.497232	-1.03827
0.511183	0.500642	-1.04046
0.511551	0.504082	-1.04265
0.511918	0.507552	-1.04483
0.512286	0.511053	-1.04701
0.512653	0.514584	-1.04918
0.513021	0.518145	-1.05133
0.513388	0.521737	-1.05348
0.513756	0.525359	-1.05562
0.514123	0.529012	-1.05775
0.514491	0.532696	-1.05987
0.514858	0.536411	-1.06197
0.515225	0.540156	-1.06407
0.515593	0.543932	-1.06615
0.51596	0.547739	-1.06822
0.516328	0.551576	-1.07028
0.516695	0.555444	-1.07233
0.517063	0.559343	-1.07436
0.51743	0.563273	-1.07637
0.517798	0.567233	-1.07838
0.518165	0.571224	-1.08036
0.518533	0.575246	-1.08233
0.5189	0.579297	-1.08428
0.519268	0.58338	-1.08622
0.519635	0.587492	-1.08814
0.520003	0.591634	-1.09004
0.52037	0.595807	-1.09192
0.520738	0.600009	-1.09379
0.521105	0.604241	-1.09563
0.521473	0.608502	-1.09746
0.52184	0.612793	-1.09926
0.522208	0.617113	-1.10104
0.522575	0.621462	-1.1028
0.522943	0.625839	-1.10454
0.52331	0.630245	-1.10626
0.523678	0.63468	-1.10795
0.524045	0.639142	-1.10962
0.524413	0.643633	-1.11127
0.52478	0.64815	-1.11289
0.525148	0.652695	-1.11449
0.525515	0.657267	-1.11607
0.525883	0.661866	-1.11761
0.52625	0.666491	-1.11913
0.526618	0.671142	-1.12063
0.526985	0.675819	-1.1221
0.527353	0.680521	-1.12354
0.52772	0.685248	-1.12495
0.528088	0.69	-1.12633
0.528455	0.694776	-1.12769
0.528823	0.699575	-1.12902
0.52919	0.704399	-1.13031
0.529558	0.709245	-1.13158
0.529925	0.714114	-1.13282
0.530293	0.719005	-1.13402
0.53066	0.723918	-1.1352
0.531028	0.728853	-1.13635
0.531395	0.733808	-1.13746
0.531763	0.738784	-1.13854
0.53213	0.74378	-1.13959
0.532498	0.748795	-1.14061
0.532865	0.753829	-1.14159
0.533233	0.758882	-1.14254
0.5336	0.763953	-1.14346
0.533968	0.769042	-1.14434
0.534335	0.774147	-1.14519
0.534703	0.779269	-1.14601
0.53507	0.784407	-1.14679
0.535438	0.789561	-1.14754
0.535805	0.794729	-1.14825
0.536173	0.799912	-1.14893
0.53654	0.805109	-1.14957
0.536908	0.810319	-1.15018
0.537275	0.815541	-1.15075
0.537643	0.820776	-1.15129
0.53801	0.826023	-1.15179
0.538378	0.83128	-1.15225
0.538745	0.836549	-1.15268
0.539113	0.841827	-1.15308
0.53948	0.847114	-1.15344
0.539848	0.852411	-1.15376
0.540215	0.857715	-1.15405
0.540583	0.863028	-1.1543
0.54095	0.868347	-1.15451
0.541318	0.873673	-1.15469
0.541685	0.879005	-1.15483
0.542053	0.884342	-1.15494
0.54242	0.889684	-1.15501
0.542787	0.895031	-1.15504
0.543155	0.900381	-1.15504
0.543522	0.905734	-1.15501
0.54389	0.91109	-1.15494
0.544257	0.916447	-1.15483
0.544625	0.921807	-1.15469
0.544992	0.927167	-1.15451
0.54536	0.932528	-1.1543
0.545727	0.937888	-1.15405
0.546095	0.943248	-1.15377
0.546462	0.948607	-1.15346
0.54683	0.953964	-1.15311
0.547197	0.959318	-1.15273
0.547565	0.96467	-1.15231
0.547932	0.970019	-1.15186
0.5483	0.975364	-1.15138
0.548667	0.980705	-1.15087
0.549035	0.986041	-1.15032
0.549402	0.991372	-1.14974
0.54977	0.996697	-1.14913
0.550137	1.00202	-1.14849
0.550505	1.00733	-1.14782
0.550872	1.01264	-1.14712
0.55124	1.01793	-1.14638
0.551607	1.02323	-1.14562
0.551975	1.02851	-1.14483
0.552342	1.03378	-1.14401
0.55271	1.03905	-1.14316
0.553077	1.04431	-1.14229
0.553445	1.04955	-1.14138
0.553812	1.05479	-1.14045
0.55418	1.06002	-1.13949
0.554547	1.06524	-1.13851
0.554915	1.07044	-1.1375
0.555282	1.07564	-1.13647
0.55565	1.08082	-1.13541
0.556017	1.08599	-1.13432
0.556385	1.09116	-1.13322
0.556752	1.0963	-1.13209
0.55712	1.10144	-1.13094
0.557487	1.10657	-1.12976
0.557855	1.11168	-1.12857
0.558222	1.11678	-1.12735
0.55859	1.12187	-1.12612
0.558957	1.12694	-1.12486
0.559325	1.13201	-1.12359
0.559692	1.13706	-1.1223
0.56006	1.14209	-1.12099
0.560427	1.14712	-1.11966
0.560795	1.15213	-1.11831
0.561162	1.15713	-1.11695
0.56153	1.16211	-1.11557
0.561897	1.16709	-1.11418
0.562265	1.17205	-1.11278
0.562632	1.177	-1.11136
0.563	1.18193	-1.10992
0.563367	1.18685	-1.10848
0.563735	1.19176	-1.10702
0.564102	1.19666	-1.10555
0.56447	1.20155	-1.10407
0.564837	1.20642	-1.10258
0.565205	1.21129	-1.10108
0.565572	1.21614	-1.09957
0.56594	1.22098	-1.09805
0.566307	1.22581	-1.09652
0.566675	1.23063	-1.09498
0.567042	1.23544	-1.09344
0.56741	1.24025	-1.09189
0.567777	1.24504	-1.09034
0.568145	1.24982	-1.08878
0.568512	1.25459	-1.08721
0.56888	1.25936	-1.08564
0.569247	1.26412	-1.08406
0.569614	1.26887	-1.08249
0.569982	1.27361	-1.0809
0.570349	1.27835	-1.07932
0.570717	1.28308	-1.07773
0.571084	1.28781	-1.07614
0.571452	1.29253	-1.07455
0.571819	1.29724	-1.07296
0.572187	1.30196	-1.07136
0.572554	1.30667	-1.06977
0.572922	1.31138	-1.06817
0.573289	1.31608	-1.06658
0.573657	1.32078	-1.06498
0.574024	1.32549	-1.06339
0.574392	1.33019	-1.0618
0.574759	1.33489	-1.0602
0.575127	1.3396	-1.05861
0.575494	1.34431	-1.05702
0.575862	1.34902	-1.05544
0.576229	1.35373	-1.05385
0.576597	1.35845	-1.05227
0.576964	1.36317	-1.05069
0.577332	1.36789	-1.04911
0.577699	1.37263	-1.04753
0.578067	1.37737	-1.04596
0.578434	1.38211	-1.04438
0.578802	1.38687	-1.04281
0.579169	1.39164	-1.04125
0.579537	1.39641	-1.03968
0.579904	1.4012	-1.03812
0.580272	1.406	-1.03656
0.580639	1.41081	-1.035
0.581007	1.41563	-1.03344
0.581374	1.42047	-1.03189
0.581742	1.42532	-1.03034
0.582109	1.43019	-1.02879
0.582477	1.43507	-1.02724
0.582844	1.43997	-1.02569
0.583212	1.44489	-1.02414
0.583579	1.44983	-1.02259
0.583947	1.45479	-1.02105
0.584314	1.45977	-1.0195
0.584682	1.46477	-1.01795
0.585049	1.46979	-1.0164
0.585417	1.47483	-1.01485
0.585784	1.4799	-1.0133
0.586152	1.48499	-1.01174
0.586519	1.49011	-1.01019
0.586887	1.49525	-1.00862
0.587254	1.50042	-1.00706
0.587622	1.50562	-1.00549
0.587989	1.51085	-1.00391
0.588357	1.5161	-1.00233
0.588724	1.52139	-1.00075
0.589092	1.5267	-0.999152
0.589459	1.53205	-0.997549
0.589827	1.53743	-0.995938
0.590194	1.54284	-0.994318
0.590562	1.54828	-0.992687
0.590929	1.55376	-0.991046
0.591297	1.55927	-0.989393
0.591664	1.56482	-0.987727
0.592032	1.5704	-0.986047
0.592399	1.57602	-0.984353
0.592767	1.58167	-0.982643
0.593134	1.58737	-0.980918
0.593502	1.5931	-0.979175
0.593869	1.59887	-0.977413
0.594237	1.60467	-0.975632
0.594604	1.61052	-0.973831
0.594972	1.61641	-0.972009
0.595339	1.62233	-0.970164
0.595707	1.6283	-0.968295
0.596074	1.63431	-0.966402
0.596441	1.64036	-0.964483
0.596809	1.64645	-0.962537
0.597176	1.65258	-0.960563
0.597544	1.65876	-0.958559
0.597911	1.66498	-0.956525
0.598279	1.67124	-0.954459
0.598646	1.67754	-0.95236
0.599014	1.68389	-0.950227
0.599381	1.69028	-0.948058
0.599749	1.69671	-0.945853
0.600116	1.70318	-0.94361
0.600484	1.7097	-0.941327
0.600851	1.71627	-0.939003
0.601219	1.72287	-0.936638
0.601586	1.72952	-0.934229
0.601954	1.73621	-0.931776
0.602321	1.74295	-0.929276
0.602689	1.74973	-0.92673
0.603056	1.75655	-0.924134
0.603424	1.76341	-0.921489
0.603791	1.77032	-0.918792
0.604159	1.77727	-0.916042
0.604526	1.78426	-0.913238
0.604894	1.79129	-0.910378
0.605261	1.79836	-0.907462
0.605629	1.80548	-0.904487
0.605996	1.81263	-0.901452
0.606364	1.81983	-0.898356
0.606731	1.82706	-0.895198
0.607099	1.83433	-0.891975
0.607466	1.84164	-0.888688
0.607834	1.84899	-0.885333
0.608201	1.85637	-0.881911
0.608569	1.86379	-0.87842
0.608936	1.87125	-0.874857
0.609304	1.87874	-0.871222
0.609671	1.88626	-0.867514
0.610039	1.89382	-0.863732
0.610406	1.90141	-0.859873
0.610774	1.90903	-0.855936
0.611141	1.91668	-0.851921
0.611509	1.92436	-0.847826
0.611876	1.93207	-0.843649
0.612244	1.93981	-0.83939
0.612611	1.94757	-0.835047
0.612979	1.95536	-0.830619
0.613346	1.96317	-0.826105
0.613714	1.97101	-0.821503
0.614081	1.97887	-0.816813
0.614449	1.98675	-0.812033
0.614816	1.99464	-0.807162
0.615184	2.00256	-0.802198
0.615551	2.01049	-0.797142
0.615919	2.01844	-0.791991
0.616286	2.0264	-0.786745
0.616654	2.03437	-0.781402
0.617021	2.04236	-0.775962
0.617389	2.05035	-0.770424
0.617756	2.05836	-0.764787
0.618124	2.06637	-0.759049
0.618491	2.07438	-0.75321
0.618859	2.0824	-0.747269
0.619226	2.09042	-0.741225
0.619594	2.09844	-0.735078
0.619961	2.10646	-0.728826
0.620329	2.11447	-0.722469
0.620696	2.12248	-0.716006
0.621064	2.13049	-0.709437
0.621431	2.13848	-0.70276
0.621799	2.14647	-0.695975
0.622166	2.15444	-0.689082
0.622534	2.1624	-0.68208
0.622901	2.17035	-0.674968
0.623269	2.17827	-0.667746
0.623636	2.18618	-0.660414
0.624003	2.19407	-0.65297
0.624371	2.20193	-0.645416
0.624738	2.20977	-0.63775
0.625106	2.21759	-0.629972
0.625473	2.22537	-0.622082
0.625841	2.23312	-0.614079
0.626208	2.24084	-0.605964
0.626576	2.24853	-0.597736
0.626943	2.25617	-0.589396
0.627311	2.26378	-0.580943
0.627678	2.27135	-0.572376
0.628046	2.27888	-0.563697
0.628413	2.28636	-0.554905
0.628781	2.2938	-0.546001
0.629148	2.30118	-0.536984
0.629516	2.30852	-0.527854
0.629883	2.3158	-0.518613
0.630251	2.32303	-0.509259
0.630618	2.3302	-0.499794
0.630986	2.33731	-0.490218
0.631353	2.34436	-0.480531
0.631721	2.35134	-0.470734
0.632088	2.35827	-0.460827
0.632456	2.36512	-0.45081
0.632823	2.37191	-0.440685
0.633191	2.37862	-0.430451
0.633558	2.38526	-0.42011
0.633926	2.39183	-0.409663
0.634293	2.39831	-0.399109
0.634661	2.40472	-0.388449
0.635028	2.41105	-0.377686
0.635396	2.41729	-0.366818
0.635763	2.42345	-0.355848
0.636131	2.42952	-0.344776
0.636498	2.43551	-0.333604
0.636866	2.4414	-0.322331
0.637233	2.4472	-0.31096
0.637601	2.4529	-0.299491
0.637968	2.45851	-0.287926
0.638336	2.46402	-0.276265
0.638703	2.46943	-0.26451
0.639071	2.47473	-0.252663
0.639438	2.47993	-0.240724
0.639806	2.48503	-0.228694
0.640173	2.49002	-0.216576
0.640541	2.4949	-0.204371
0.640908	2.49967	-0.192079
0.641276	2.50433	-0.179703
0.641643	2.50887	-0.167244
0.642011	2.5133	-0.154704
0.642378	2.5176	-0.142084
0.642746	2.52179	-0.129385
0.643113	2.52586	-0.11661
0.643481	2.52981	-0.103761
0.643848	2.53364	-0.0908375
0.644216	2.53734	-0.077843
0.644583	2.54091	-0.0647788
0.644951	2.54436	-0.0516468
0.645318	2.54767	-0.0384487
0.645686	2.55086	-0.0251864
0.646053	2.55391	-0.0118619
0.646421	2.55684	0.001523
0.646788	2.55962	0.0149664
0.647156	2.56228	0.0284662
0.647523	2.56479	0.0420205
0.647891	2.56717	0.0556273
0.648258	2.56941	0.0692846
0.648626	2.57151	0.0829903
0.648993	2.57347	0.0967422
0.649361	2.57529	0.110538
0.649728	2.57697	0.124377
0.650096	2.5785	0.138255
0.650463	2.57989	0.152171
0.65083	2.58114	0.166123
0.651198	2.58224	0.180108
0.651565	2.58319	0.194125
0.651933	2.584	0.208171
0.6523	2.58466	0.222243
0.652668	2.58517	0.236341
0.653035	2.58553	0.25046
0.653403	2.58575	0.2646
0.65377	2.58581	0.278758
0.654138	2.58573	0.292931
0.654505	2.58549	0.307118
0.654873	2.58511	0.321315
0.65524	2.58457	0.335522
0.655608	2.58388	0.349735
0.655975	2.58304	0.363952
0.656343	2.58205	0.378171
0.65671	2.58091	0.392389
0.657078	2.57962	0.406605
0.657445	2.57817	0.420816
0.657813	2.57658	0.435019
0.65818	2.57483	0.449213
0.658548	2.57293	0.463395
0.658915	2.57088	0.477563
0.659283	2.56868	0.491714
0.65965	2.56633	0.505846
0.660018	2.56383	0.519958
0.660385	2.56118	0.534046
0.660753	2.55838	0.548108
0.66112	2.55543	0.562143
0.661488	2.55233	0.576148
0.661855	2.54909	0.59012
0.662223	2.54569	0.604058
0.66259	2.54215	0.617959
0.662958	2.53846	0.631821
0.663325	2.53463	0.645642
0.663693	2.53065	0.65942
0.66406	2.52653	0.673153
0.664428	2.52226	0.686838
0.664795	2.51785	0.700474
0.665163	2.5133	0.714057
0.66553	2.50861	0.727588
0.665898	2.50377	0.741062
0.666265	2.4988	0.754478
0.666633	2.49369	0.767835
0.667	2.48844	0.78113
0.667368	2.48306	0.794361
0.667735	2.47754	0.807526
0.668103	2.47189	0.820624
0.66847	2.46611	0.833652
0.668838	2.46019	0.846609
0.669205	2.45415	0.859492
0.669573	2.44797	0.872301
0.66994	2.44167	0.885032
0.670308	2.43524	0.897685
0.670675	2.42868	0.910258
0.671043	2.42201	0.922749
0.67141	2.41521	0.935155
0.671778	2.40829	0.947477
0.672145	2.40125	0.959712
0.672513	2.39409	0.971858
0.67288	2.38681	0.983914
0.673248	2.37943	0.995878
0.673615	2.37192	1.00775
0.673983	2.36431	1.01953
0.67435	2.35659	1.03121
0.674718	2.34875	1.04279
0.675085	2.34081	1.05427
0.675453	2.33277	1.06566
0.67582	2.32462	1.07694
0.676188	2.31637	1.08812
0.676555	2.30802	1.0992
0.676923	2.29958	1.11017
0.67729	2.29103	1.12104
0.677658	2.28239	1.1318
0.678025	2.27366	1.14244
0.678392	2.26484	1.15299
0.67876	2.25592	1.16342
0.679127	2.24692	1.17373
0.679495	2.23784	1.18394
0.679862	2.22867	1.19403
0.68023	2.21941	1.20401
0.680597	2.21008	1.21388
0.680965	2.20067	1.22362
0.681332	2.19118	1.23326
0.6817	2.18162	1.24277
0.682067	2.17199	1.25217
0.682435	2.16228	1.26144
0.682802	2.1525	1.2706
0.68317	2.14266	1.27964
0.683537	2.13275	1.28856
0.683905	2.12278	1.29736
0.684272	2.11275	1.30603
0.68464	2.10266	1.31459
0.685007	2.09251	1.32302
0.685375	2.0823	1.33133
0.685742	2.07204	1.33951
0.68611	2.06173	1.34758
0.686477	2.05137	1.35552
0.686845	2.04096	1.36333
0.687212	2.0305	1.37102
0.68758	2.02	1.37859
0.687947	2.00946	1.38604
0.688315	1.99888	1.39336
0.688682	1.98825	1.40055
0.68905	1.97759	1.40762
0.689417	1.9669	1.41457
0.689785	1.95617	1.42139
0.690152	1.94541	1.42808
0.69052	1.93462	1.43466
0.690887	1.9238	1.4411
0.691255	1.91295	1.44743
0.691622	1.90208	1.45363
0.69199	1.89119	1.4597
0.692357	1.88028	1.46565
0.692725	1.86935	1.47148
0.693092	1.8584	1.47719
0.69346	1.84743	1.48277
0.693827	1.83645	1.48823
0.694195	1.82546	1.49357
0.694562	1.81446	1.49879
0.69493	1.80345	1.50389
0.695297	1.79243	1.50886
0.695665	1.7814	1.51372
0.696032	1.77037	1.51845
0.6964	1.75934	1.52307
0.696767	1.74831	1.52757
0.697135	1.73728	1.53195
0.697502	1.72625	1.53621
0.69787	1.71522	1.54035
0.698237	1.7042	1.54438
0.698605	1.69318	1.54829
0.698972	1.68217	1.55209
0.69934	1.67118	1.55577
0.699707	1.66019	1.55934
0.700075	1.64921	1.5628
0.700442	1.63825	1.56614
0.70081	1.6273	1.56937
0.701177	1.61637	1.57249
0.701545	1.60546	1.5755
0.701912	1.59456	1.57841
0.70228	1.58369	1.5812
0.702647	1.57283	1.58388
0.703015	1.562	1.58646
0.703382	1.55119	1.58894
0.70375	1.54041	1.59131
0.704117	1.52965	1.59357
0.704485	1.51892	1.59573
0.704852	1.50822	1.59779
0.705219	1.49755	1.59975
0.705587	1.48691	1.6016
0.705954	1.4763	1.60336
0.706322	1.46572	1.60502
0.706689	1.45518	1.60658
0.707057	1.44467	1.60804
0.707424	1.43419	1.60941
0.707792	1.42375	1.61068
0.708159	1.41335	1.61186
0.708527	1.40299	1.61295
0.708894	1.39267	1.61394
0.709262	1.38238	1.61485
0.709629	1.37214	1.61566
0.709997	1.36194	1.61639
0.710364	1.35178	1.61702
0.710732	1.34167	1.61757
0.711099	1.33159	1.61804
0.711467	1.32157	1.61842
0.711834	1.31159	1.61871
0.712202	1.30165	1.61893
0.712569	1.29176	1.61906
0.712937	1.28192	1.61911
0.713304	1.27212	1.61908
0.713672	1.26238	1.61898
0.714039	1.25268	1.61879
0.714407	1.24304	1.61853
0.714774	1.23344	1.61819
0.715142	1.2239	1.61778
0.715509	1.2144	1.6173
0.715877	1.20496	1.61674
0.716244	1.19557	1.61611
0.716612	1.18623	1.61542
0.716979	1.17695	1.61465
0.717347	1.16772	1.61381
0.717714	1.15854	1.61291
0.718082	1.14942	1.61194
0.718449	1.14035	1.6109
0.718817	1.13134	1.6098
0.719184	1.12238	1.60864
0.719552	1.11348	1.60742
0.719919	1.10464	1.60613
0.720287	1.09585	1.60478
0.720654	1.08712	1.60338
0.721022	1.07844	1.60191
0.721389	1.06983	1.60039
0.721757	1.06127	1.59882
0.722124	1.05276	1.59718
0.722492	1.04432	1.5955
0.722859	1.03593	1.59375
0.723227	1.0276	1.59196
0.723594	1.01934	1.59012
0.723962	1.01112	1.58822
0.724329	1.00297	1.58627
0.724697	0.994878	1.58428
0.725064	0.986843	1.58224
0.725432	0.978867	1.58015
0.725799	0.970951	1.57801
0.726167	0.963094	1.57583
0.726534	0.955296	1.57361
0.726902	0.947557	1.57134
0.727269	0.939878	1.56903
0.727637	0.932258	1.56668
0.728004	0.924698	1.56428
0.728372	0.917197	1.56185
0.728739	0.909755	1.55938
0.729107	0.902373	1.55687
0.729474	0.895051	1.55432
0.729842	0.887788	1.55174
0.730209	0.880585	1.54912
0.730577	0.873441	1.54646
0.730944	0.866356	1.54377
0.731312	0.859331	1.54105
0.731679	0.852365	1.53829
0.732046	0.845458	1.5355
0.732414	0.838611	1.53269
0.732781	0.831822	1.52984
0.733149	0.825092	1.52696
0.733516	0.818421	1.52405
0.733884	0.811809	1.52112
0.734251	0.805256	1.51816
0.734619	0.798761	1.51517
0.734986	0.792325	1.51215
