# Frequency (eV) 	 HHG Real 	 Imaginary
0	0
0.000367493	6.4828e-09
0.000734986	2.59344e-08
0.00110248	5.83641e-08
0.00146997	1.03788e-07
0.00183747	1.62228e-07
0.00220496	2.33712e-07
0.00257245	3.18274e-07
0.00293995	4.15957e-07
0.00330744	5.26805e-07
0.00367493	6.50872e-07
0.00404243	7.88216e-07
0.00440992	9.38902e-07
0.00477741	1.103e-06
0.00514491	1.28059e-06
0.0055124	1.47174e-06
0.00587989	1.67655e-06
0.00624738	1.89511e-06
0.00661488	2.12752e-06
0.00698237	2.37387e-06
0.00734986	2.63427e-06
0.00771736	2.90884e-06
0.00808485	3.19769e-06
0.00845234	3.50094e-06
0.00881984	3.81872e-06
0.00918733	4.15115e-06
0.00955482	4.49836e-06
0.00992232	4.86049e-06
0.0102898	5.23768e-06
0.0106573	5.63007e-06
0.0110248	6.03779e-06
0.0113923	6.461e-06
0.0117598	6.89985e-06
0.0121273	7.35448e-06
0.0124948	7.82504e-06
0.0128623	8.31168e-06
0.0132298	8.81457e-06
0.0135972	9.33384e-06
0.0139647	9.86966e-06
0.0143322	1.04222e-05
0.0146997	1.09915e-05
0.0150672	1.15779e-05
0.0154347	1.21814e-05
0.0158022	1.28022e-05
0.0161697	1.34405e-05
0.0165372	1.40963e-05
0.0169047	1.47699e-05
0.0172722	1.54613e-05
0.0176397	1.61708e-05
0.0180072	1.68984e-05
0.0183747	1.76442e-05
0.0187422	1.84084e-05
0.0191096	1.91911e-05
0.0194771	1.99924e-05
0.0198446	2.08124e-05
0.0202121	2.16512e-05
0.0205796	2.25089e-05
0.0209471	2.33856e-05
0.0213146	2.42813e-05
0.0216821	2.51961e-05
0.0220496	2.613e-05
0.0224171	2.70832e-05
0.0227846	2.80556e-05
0.0231521	2.90473e-05
0.0235196	3.00582e-05
0.0238871	3.10885e-05
0.0242546	3.2138e-05
0.024622	3.32067e-05
0.0249895	3.42947e-05
0.025357	3.54018e-05
0.0257245	3.6528e-05
0.026092	3.76733e-05
0.0264595	3.88374e-05
0.026827	4.00204e-05
0.0271945	4.12221e-05
0.027562	4.24424e-05
0.0279295	4.3681e-05
0.028297	4.49379e-05
0.0286645	4.62128e-05
0.029032	4.75056e-05
0.0293995	4.88159e-05
0.029767	5.01437e-05
0.0301344	5.14885e-05
0.0305019	5.28501e-05
0.0308694	5.42282e-05
0.0312369	5.56225e-05
0.0316044	5.70327e-05
0.0319719	5.84583e-05
0.0323394	5.9899e-05
0.0327069	6.13544e-05
0.0330744	6.28241e-05
0.0334419	6.43076e-05
0.0338094	6.58044e-05
0.0341769	6.7314e-05
0.0345444	6.8836e-05
0.0349119	7.03697e-05
0.0352793	7.19147e-05
0.0356468	7.34703e-05
0.0360143	7.5036e-05
0.0363818	7.66111e-05
0.0367493	7.8195e-05
0.0371168	7.97869e-05
0.0374843	8.13863e-05
0.0378518	8.29923e-05
0.0382193	8.46043e-05
0.0385868	8.62215e-05
0.0389543	8.7843e-05
0.0393218	8.94682e-05
0.0396893	9.10961e-05
0.0400568	9.2726e-05
0.0404243	9.43569e-05
0.0407917	9.5988e-05
0.0411592	9.76183e-05
0.0415267	9.9247e-05
0.0418942	0.000100873
0.0422617	0.000102496
0.0426292	0.000104114
0.0429967	0.000105726
0.0433642	0.000107332
0.0437317	0.00010893
0.0440992	0.00011052
0.0444667	0.0001121
0.0448342	0.000113669
0.0452017	0.000115226
0.0455692	0.00011677
0.0459367	0.000118301
0.0463041	0.000119816
0.0466716	0.000121314
0.0470391	0.000122796
0.0474066	0.000124258
0.0477741	0.000125701
0.0481416	0.000127123
0.0485091	0.000128523
0.0488766	0.0001299
0.0492441	0.000131252
0.0496116	0.000132579
0.0499791	0.000133879
0.0503466	0.000135151
0.0507141	0.000136394
0.0510816	0.000137607
0.0514491	0.000138788
0.0518165	0.000139938
0.052184	0.000141053
0.0525515	0.000142134
0.052919	0.000143179
0.0532865	0.000144187
0.053654	0.000145157
0.0540215	0.000146089
0.054389	0.00014698
0.0547565	0.00014783
0.055124	0.000148638
0.0554915	0.000149403
0.055859	0.000150125
0.0562265	0.000150801
0.056594	0.000151432
0.0569614	0.000152016
0.0573289	0.000152553
0.0576964	0.000153041
0.0580639	0.000153481
0.0584314	0.000153871
0.0587989	0.000154211
0.0591664	0.0001545
0.0595339	0.000154738
0.0599014	0.000154923
0.0602689	0.000155056
0.0606364	0.000155136
0.0610039	0.000155163
0.0613714	0.000155136
0.0617389	0.000155056
0.0621064	0.000154921
0.0624738	0.000154732
0.0628413	0.000154488
0.0632088	0.00015419
0.0635763	0.000153837
0.0639438	0.00015343
0.0643113	0.000152969
0.0646788	0.000152454
0.0650463	0.000151885
0.0654138	0.000151263
0.0657813	0.000150588
0.0661488	0.00014986
0.0665163	0.00014908
0.0668838	0.000148249
0.0672513	0.000147367
0.0676188	0.000146436
0.0679862	0.000145455
0.0683537	0.000144427
0.0687212	0.000143351
0.0690887	0.00014223
0.0694562	0.000141064
0.0698237	0.000139854
0.0701912	0.000138602
0.0705587	0.00013731
0.0709262	0.000135978
0.0712937	0.000134608
0.0716612	0.000133203
0.0720287	0.000131763
0.0723962	0.000130291
0.0727637	0.000128788
0.0731312	0.000127257
0.0734986	0.000125699
0.0738661	0.000124117
0.0742336	0.000122513
0.0746011	0.000120889
0.0749686	0.000119247
0.0753361	0.000117591
0.0757036	0.000115922
0.0760711	0.000114244
0.0764386	0.000112559
0.0768061	0.000110869
0.0771736	0.000109178
0.0775411	0.000107488
0.0779086	0.000105803
0.0782761	0.000104126
0.0786435	0.000102459
0.079011	0.000100806
0.0793785	9.91706e-05
0.079746	9.75553e-05
0.0801135	9.59638e-05
0.080481	9.43996e-05
0.0808485	9.28661e-05
0.081216	9.13669e-05
0.0815835	8.99057e-05
0.081951	8.84859e-05
0.0823185	8.71113e-05
0.082686	8.57856e-05
0.0830535	8.45126e-05
0.083421	8.32961e-05
0.0837885	8.21399e-05
0.0841559	8.10478e-05
0.0845234	8.00237e-05
0.0848909	7.90715e-05
0.0852584	7.81952e-05
0.0856259	7.73987e-05
0.0859934	7.66859e-05
0.0863609	7.60608e-05
0.0867284	7.55272e-05
0.0870959	7.50893e-05
0.0874634	7.47509e-05
0.0878309	7.4516e-05
0.0881984	7.43885e-05
0.0885659	7.43722e-05
0.0889334	7.44712e-05
0.0893009	7.46892e-05
0.0896683	7.50302e-05
0.0900358	7.54978e-05
0.0904033	7.60958e-05
0.0907708	7.6828e-05
0.0911383	7.76981e-05
0.0915058	7.87096e-05
0.0918733	7.9866e-05
0.0922408	8.1171e-05
0.0926083	8.26279e-05
0.0929758	8.424e-05
0.0933433	8.60107e-05
0.0937108	8.79431e-05
0.0940783	9.00404e-05
0.0944458	9.23056e-05
0.0948133	9.47416e-05
0.0951807	9.73512e-05
0.0955482	0.000100137
0.0959157	0.000103102
0.0962832	0.000106249
0.0966507	0.000109579
0.0970182	0.000113096
0.0973857	0.0001168
0.0977532	0.000120695
0.0981207	0.000124782
0.0984882	0.000129064
0.0988557	0.00013354
0.0992232	0.000138213
0.0995907	0.000143085
0.0999582	0.000148156
0.100326	0.000153427
0.100693	0.0001589
0.101061	0.000164574
0.101428	0.00017045
0.101796	0.000176529
0.102163	0.00018281
0.102531	0.000189295
0.102898	0.000195981
0.103266	0.000202869
0.103633	0.000209959
0.104001	0.00021725
0.104368	0.000224739
0.104736	0.000232427
0.105103	0.000240313
0.105471	0.000248393
0.105838	0.000256667
0.106206	0.000265133
0.106573	0.000273787
0.106941	0.000282629
0.107308	0.000291656
0.107676	0.000300864
0.108043	0.00031025
0.108411	0.000319812
0.108778	0.000329545
0.109145	0.000339447
0.109513	0.000349513
0.10988	0.000359739
0.110248	0.000370122
0.110615	0.000380656
0.110983	0.000391336
0.11135	0.000402159
0.111718	0.000413119
0.112085	0.00042421
0.112453	0.000435428
0.11282	0.000446766
0.113188	0.000458218
0.113555	0.000469779
0.113923	0.000481442
0.11429	0.000493201
0.114658	0.00050505
0.115025	0.00051698
0.115393	0.000528986
0.11576	0.000541061
0.116128	0.000553196
0.116495	0.000565385
0.116863	0.00057762
0.11723	0.000589893
0.117598	0.000602196
0.117965	0.000614522
0.118333	0.000626861
0.1187	0.000639206
0.119068	0.000651548
0.119435	0.000663879
0.119803	0.00067619
0.12017	0.000688472
0.120538	0.000700717
0.120905	0.000712914
0.121273	0.000725057
0.12164	0.000737134
0.122008	0.000749137
0.122375	0.000761057
0.122743	0.000772885
0.12311	0.000784611
0.123478	0.000796225
0.123845	0.000807719
0.124213	0.000819083
0.12458	0.000830308
0.124948	0.000841384
0.125315	0.000852301
0.125683	0.000863051
0.12605	0.000873624
0.126418	0.00088401
0.126785	0.000894201
0.127153	0.000904186
0.12752	0.000913958
0.127888	0.000923507
0.128255	0.000932823
0.128623	0.000941899
0.12899	0.000950724
0.129358	0.000959291
0.129725	0.000967591
0.130093	0.000975615
0.13046	0.000983356
0.130828	0.000990804
0.131195	0.000997953
0.131563	0.00100479
0.13193	0.00101132
0.132298	0.00101752
0.132665	0.00102339
0.133033	0.00102893
0.1334	0.00103412
0.133768	0.00103896
0.134135	0.00104344
0.134503	0.00104756
0.13487	0.00105132
0.135238	0.00105469
0.135605	0.00105769
0.135972	0.0010603
0.13634	0.00106253
0.136707	0.00106436
0.137075	0.00106579
0.137442	0.00106682
0.13781	0.00106745
0.138177	0.00106766
0.138545	0.00106747
0.138912	0.00106686
0.13928	0.00106584
0.139647	0.0010644
0.140015	0.00106254
0.140382	0.00106025
0.14075	0.00105755
0.141117	0.00105443
0.141485	0.00105089
0.141852	0.00104693
0.14222	0.00104254
0.142587	0.00103774
0.142955	0.00103253
0.143322	0.00102689
0.14369	0.00102085
0.144057	0.0010144
0.144425	0.00100754
0.144792	0.00100028
0.14516	0.000992623
0.145527	0.000984572
0.145895	0.000976133
0.146262	0.000967312
0.14663	0.000958113
0.146997	0.000948544
0.147365	0.000938611
0.147732	0.000928321
0.1481	0.000917681
0.148467	0.0009067
0.148835	0.000895386
0.149202	0.000883747
0.14957	0.000871793
0.149937	0.000859534
0.150305	0.000846978
0.150672	0.000834137
0.15104	0.000821021
0.151407	0.000807642
0.151775	0.00079401
0.152142	0.000780138
0.15251	0.000766038
0.152877	0.000751722
0.153245	0.000737204
0.153612	0.000722496
0.15398	0.000707612
0.154347	0.000692567
0.154715	0.000677374
0.155082	0.000662048
0.15545	0.000646603
0.155817	0.000631056
0.156185	0.00061542
0.156552	0.000599713
0.15692	0.00058395
0.157287	0.000568147
0.157655	0.00055232
0.158022	0.000536486
0.15839	0.000520663
0.158757	0.000504866
0.159125	0.000489113
0.159492	0.000473422
0.15986	0.00045781
0.160227	0.000442295
0.160595	0.000426894
0.160962	0.000411626
0.16133	0.000396508
0.161697	0.000381558
0.162065	0.000366795
0.162432	0.000352237
0.162799	0.000337902
0.163167	0.000323808
0.163534	0.000309974
0.163902	0.000296417
0.164269	0.000283157
0.164637	0.00027021
0.165004	0.000257595
0.165372	0.000245331
0.165739	0.000233435
0.166107	0.000221925
0.166474	0.000210818
0.166842	0.000200132
0.167209	0.000189885
0.167577	0.000180093
0.167944	0.000170773
0.168312	0.000161943
0.168679	0.000153619
0.169047	0.000145817
0.169414	0.000138553
0.169782	0.000131843
0.170149	0.000125702
0.170517	0.000120146
0.170884	0.000115188
0.171252	0.000110844
0.171619	0.000107128
0.171987	0.000104053
0.172354	0.000101633
0.172722	9.98807e-05
0.173089	9.88082e-05
0.173457	9.84276e-05
0.173824	9.87508e-05
0.174192	9.97886e-05
0.174559	0.000101552
0.174927	0.00010405
0.175294	0.000107294
0.175662	0.000111292
0.176029	0.000116053
0.176397	0.000121585
0.176764	0.000127895
0.177132	0.00013499
0.177499	0.000142876
0.177867	0.00015156
0.178234	0.000161046
0.178602	0.00017134
0.178969	0.000182444
0.179337	0.000194362
0.179704	0.000207097
0.180072	0.000220651
0.180439	0.000235024
0.180807	0.000250219
0.181174	0.000266235
0.181542	0.000283071
0.181909	0.000300726
0.182277	0.000319199
0.182644	0.000338486
0.183012	0.000358584
0.183379	0.000379489
0.183747	0.000401197
0.184114	0.000423702
0.184482	0.000446999
0.184849	0.000471079
0.185217	0.000495937
0.185584	0.000521564
0.185952	0.000547952
0.186319	0.00057509
0.186687	0.000602969
0.187054	0.000631578
0.187422	0.000660906
0.187789	0.00069094
0.188157	0.000721668
0.188524	0.000753076
0.188892	0.000785151
0.189259	0.000817877
0.189627	0.00085124
0.189994	0.000885224
0.190361	0.000919812
0.190729	0.000954987
0.191096	0.000990731
0.191464	0.00102703
0.191831	0.00106385
0.192199	0.0011012
0.192566	0.00113903
0.192934	0.00117734
0.193301	0.0012161
0.193669	0.00125529
0.194036	0.00129489
0.194404	0.00133488
0.194771	0.00137523
0.195139	0.00141592
0.195506	0.00145693
0.195874	0.00149824
0.196241	0.00153981
0.196609	0.00158163
0.196976	0.00162367
0.197344	0.00166591
0.197711	0.00170831
0.198079	0.00175086
0.198446	0.00179353
0.198814	0.00183629
0.199181	0.00187911
0.199549	0.00192198
0.199916	0.00196485
0.200284	0.00200771
0.200651	0.00205054
0.201019	0.00209329
0.201386	0.00213595
0.201754	0.00217848
0.202121	0.00222087
0.202489	0.00226308
0.202856	0.00230509
0.203224	0.00234687
0.203591	0.00238839
0.203959	0.00242963
0.204326	0.00247056
0.204694	0.00251116
0.205061	0.00255139
0.205429	0.00259124
0.205796	0.00263067
0.206164	0.00266966
0.206531	0.00270819
0.206899	0.00274624
0.207266	0.00278377
0.207634	0.00282076
0.208001	0.00285719
0.208369	0.00289304
0.208736	0.00292828
0.209104	0.0029629
0.209471	0.00299686
0.209839	0.00303015
0.210206	0.00306276
0.210574	0.00309464
0.210941	0.0031258
0.211309	0.00315621
0.211676	0.00318585
0.212044	0.0032147
0.212411	0.00324275
0.212779	0.00326998
0.213146	0.00329637
0.213514	0.00332192
0.213881	0.0033466
0.214249	0.0033704
0.214616	0.00339331
0.214984	0.00341532
0.215351	0.00343642
0.215719	0.00345659
0.216086	0.00347584
0.216454	0.00349414
0.216821	0.00351149
0.217188	0.00352789
0.217556	0.00354333
0.217923	0.0035578
0.218291	0.0035713
0.218658	0.00358383
0.219026	0.00359539
0.219393	0.00360597
0.219761	0.00361557
0.220128	0.0036242
0.220496	0.00363186
0.220863	0.00363854
0.221231	0.00364426
0.221598	0.00364901
0.221966	0.0036528
0.222333	0.00365565
0.222701	0.00365755
0.223068	0.00365851
0.223436	0.00365855
0.223803	0.00365767
0.224171	0.00365589
0.224538	0.00365322
0.224906	0.00364966
0.225273	0.00364525
0.225641	0.00363998
0.226008	0.00363388
0.226376	0.00362696
0.226743	0.00361924
0.227111	0.00361074
0.227478	0.00360148
0.227846	0.00359148
0.228213	0.00358076
0.228581	0.00356935
0.228948	0.00355725
0.229316	0.00354451
0.229683	0.00353114
0.230051	0.00351717
0.230418	0.00350263
0.230786	0.00348753
0.231153	0.00347192
0.231521	0.00345581
0.231888	0.00343924
0.232256	0.00342223
0.232623	0.00340482
0.232991	0.00338704
0.233358	0.00336891
0.233726	0.00335047
0.234093	0.00333175
0.234461	0.00331279
0.234828	0.00329362
0.235196	0.00327426
0.235563	0.00325476
0.235931	0.00323515
0.236298	0.00321547
0.236666	0.00319574
0.237033	0.00317601
0.237401	0.00315631
0.237768	0.00313668
0.238136	0.00311715
0.238503	0.00309775
0.238871	0.00307854
0.239238	0.00305953
0.239606	0.00304077
0.239973	0.0030223
0.240341	0.00300415
0.240708	0.00298635
0.241076	0.00296895
0.241443	0.00295198
0.241811	0.00293547
0.242178	0.00291947
0.242546	0.00290401
0.242913	0.00288912
0.243281	0.00287484
0.243648	0.0028612
0.244015	0.00284824
0.244383	0.00283599
0.24475	0.00282449
0.245118	0.00281377
0.245485	0.00280387
0.245853	0.0027948
0.24622	0.00278662
0.246588	0.00277934
0.246955	0.002773
0.247323	0.00276764
0.24769	0.00276326
0.248058	0.00275992
0.248425	0.00275763
0.248793	0.00275642
0.24916	0.00275633
0.249528	0.00275736
0.249895	0.00275955
0.250263	0.00276293
0.25063	0.00276751
0.250998	0.00277332
0.251365	0.00278038
0.251733	0.0027887
0.2521	0.00279831
0.252468	0.00280923
0.252835	0.00282148
0.253203	0.00283506
0.25357	0.00284999
0.253938	0.00286629
0.254305	0.00288398
0.254673	0.00290305
0.25504	0.00292353
0.255408	0.00294542
0.255775	0.00296873
0.256143	0.00299347
0.25651	0.00301964
0.256878	0.00304725
0.257245	0.0030763
0.257613	0.00310679
0.25798	0.00313872
0.258348	0.0031721
0.258715	0.00320692
0.259083	0.00324318
0.25945	0.00328088
0.259818	0.00332
0.260185	0.00336055
0.260553	0.00340251
0.26092	0.00344588
0.261288	0.00349065
0.261655	0.0035368
0.262023	0.00358432
0.26239	0.0036332
0.262758	0.00368343
0.263125	0.00373498
0.263493	0.00378784
0.26386	0.00384199
0.264228	0.0038974
0.264595	0.00395407
0.264963	0.00401197
0.26533	0.00407107
0.265698	0.00413134
0.266065	0.00419277
0.266433	0.00425533
0.2668	0.00431899
0.267168	0.00438372
0.267535	0.00444948
0.267903	0.00451626
0.26827	0.00458402
0.268638	0.00465272
0.269005	0.00472234
0.269373	0.00479283
0.26974	0.00486417
0.270108	0.00493631
0.270475	0.00500923
0.270843	0.00508288
0.27121	0.00515722
0.271577	0.00523222
0.271945	0.00530784
0.272312	0.00538403
0.27268	0.00546076
0.273047	0.00553798
0.273415	0.00561566
0.273782	0.00569375
0.27415	0.0057722
0.274517	0.00585098
0.274885	0.00593005
0.275252	0.00600935
0.27562	0.00608885
0.275987	0.00616849
0.276355	0.00624824
0.276722	0.00632806
0.27709	0.00640789
0.277457	0.00648769
0.277825	0.00656743
0.278192	0.00664704
0.27856	0.0067265
0.278927	0.00680575
0.279295	0.00688475
0.279662	0.00696346
0.28003	0.00704183
0.280397	0.00711982
0.280765	0.00719739
0.281132	0.00727449
0.2815	0.00735109
0.281867	0.00742713
0.282235	0.00750259
0.282602	0.00757741
0.28297	0.00765156
0.283337	0.007725
0.283705	0.00779769
0.284072	0.00786959
0.28444	0.00794067
0.284807	0.00801088
0.285175	0.0080802
0.285542	0.00814859
0.28591	0.00821601
0.286277	0.00828243
0.286645	0.00834782
0.287012	0.00841215
0.28738	0.00847538
0.287747	0.0085375
0.288115	0.00859847
0.288482	0.00865827
0.28885	0.00871686
0.289217	0.00877424
0.289585	0.00883037
0.289952	0.00888523
0.29032	0.0089388
0.290687	0.00899107
0.291055	0.00904201
0.291422	0.00909161
0.29179	0.00913986
0.292157	0.00918674
0.292525	0.00923225
0.292892	0.00927636
0.29326	0.00931907
0.293627	0.00936038
0.293995	0.00940028
0.294362	0.00943876
0.29473	0.00947582
0.295097	0.00951146
0.295465	0.00954568
0.295832	0.00957848
0.2962	0.00960987
0.296567	0.00963986
0.296935	0.00966843
0.297302	0.00969562
0.29767	0.00972142
0.298037	0.00974585
0.298404	0.00976891
0.298772	0.00979063
0.299139	0.00981103
0.299507	0.00983011
0.299874	0.0098479
0.300242	0.00986442
0.300609	0.00987968
0.300977	0.00989373
0.301344	0.00990657
0.301712	0.00991824
0.302079	0.00992877
0.302447	0.00993818
0.302814	0.00994651
0.303182	0.00995378
0.303549	0.00996004
0.303917	0.00996532
0.304284	0.00996965
0.304652	0.00997308
0.305019	0.00997564
0.305387	0.00997737
0.305754	0.00997832
0.306122	0.00997853
0.306489	0.00997804
0.306857	0.00997689
0.307224	0.00997514
0.307592	0.00997283
0.307959	0.00997001
0.308327	0.00996673
0.308694	0.00996304
0.309062	0.00995899
0.309429	0.00995463
0.309797	0.00995002
0.310164	0.00994521
0.310532	0.00994025
0.310899	0.0099352
0.311267	0.00993011
0.311634	0.00992504
0.312002	0.00992005
0.312369	0.0099152
0.312737	0.00991053
0.313104	0.00990612
0.313472	0.00990201
0.313839	0.00989827
0.314207	0.00989496
0.314574	0.00989213
0.314942	0.00988985
0.315309	0.00988816
0.315677	0.00988714
0.316044	0.00988685
0.316412	0.00988733
0.316779	0.00988865
0.317147	0.00989086
0.317514	0.00989404
0.317882	0.00989823
0.318249	0.00990349
0.318617	0.00990988
0.318984	0.00991746
0.319352	0.00992628
0.319719	0.0099364
0.320087	0.00994787
0.320454	0.00996076
0.320822	0.0099751
0.321189	0.00999096
0.321557	0.0100084
0.321924	0.0100274
0.322292	0.0100482
0.322659	0.0100706
0.323027	0.0100948
0.323394	0.0101208
0.323762	0.0101487
0.324129	0.0101785
0.324497	0.0102102
0.324864	0.010244
0.325232	0.0102798
0.325599	0.0103176
0.325966	0.0103576
0.326334	0.0103997
0.326701	0.010444
0.327069	0.0104905
0.327436	0.0105393
0.327804	0.0105904
0.328171	0.0106438
0.328539	0.0106995
0.328906	0.0107576
0.329274	0.0108181
0.329641	0.010881
0.330009	0.0109464
0.330376	0.0110143
0.330744	0.0110846
0.331111	0.0111574
0.331479	0.0112328
0.331846	0.0113106
0.332214	0.011391
0.332581	0.011474
0.332949	0.0115595
0.333316	0.0116476
0.333684	0.0117383
0.334051	0.0118315
0.334419	0.0119273
0.334786	0.0120256
0.335154	0.0121266
0.335521	0.0122301
0.335889	0.0123361
0.336256	0.0124447
0.336624	0.0125559
0.336991	0.0126695
0.337359	0.0127857
0.337726	0.0129044
0.338094	0.0130255
0.338461	0.0131491
0.338829	0.0132752
0.339196	0.0134036
0.339564	0.0135345
0.339931	0.0136677
0.340299	0.0138033
0.340666	0.0139411
0.341034	0.0140813
0.341401	0.0142237
0.341769	0.0143683
0.342136	0.014515
0.342504	0.014664
0.342871	0.014815
0.343239	0.0149681
0.343606	0.0151232
0.343974	0.0152803
0.344341	0.0154393
0.344709	0.0156002
0.345076	0.015763
0.345444	0.0159276
0.345811	0.0160939
0.346179	0.0162619
0.346546	0.0164316
0.346914	0.0166029
0.347281	0.0167758
0.347649	0.0169501
0.348016	0.0171259
0.348384	0.0173031
0.348751	0.0174816
0.349119	0.0176614
0.349486	0.0178424
0.349854	0.0180247
0.350221	0.018208
0.350589	0.0183924
0.350956	0.0185778
0.351324	0.0187641
0.351691	0.0189513
0.352059	0.0191394
0.352426	0.0193282
0.352793	0.0195178
0.353161	0.019708
0.353528	0.0198988
0.353896	0.0200902
0.354263	0.020282
0.354631	0.0204743
0.354998	0.0206669
0.355366	0.0208599
0.355733	0.0210532
0.356101	0.0212466
0.356468	0.0214402
0.356836	0.0216339
0.357203	0.0218277
0.357571	0.0220215
0.357938	0.0222152
0.358306	0.0224088
0.358673	0.0226023
0.359041	0.0227956
0.359408	0.0229886
0.359776	0.0231814
0.360143	0.0233738
0.360511	0.0235658
0.360878	0.0237575
0.361246	0.0239486
0.361613	0.0241393
0.361981	0.0243295
0.362348	0.024519
0.362716	0.024708
0.363083	0.0248964
0.363451	0.025084
0.363818	0.025271
0.364186	0.0254573
0.364553	0.0256428
0.364921	0.0258275
0.365288	0.0260115
0.365656	0.0261946
0.366023	0.0263769
0.366391	0.0265583
0.366758	0.0267389
0.367126	0.0269186
0.367493	0.0270974
0.367861	0.0272753
0.368228	0.0274523
0.368596	0.0276284
0.368963	0.0278035
0.369331	0.0279778
0.369698	0.0281511
0.370066	0.0283236
0.370433	0.0284951
0.370801	0.0286657
0.371168	0.0288355
0.371536	0.0290044
0.371903	0.0291724
0.372271	0.0293395
0.372638	0.0295059
0.373006	0.0296714
0.373373	0.0298361
0.373741	0.0300001
0.374108	0.0301634
0.374476	0.0303259
0.374843	0.0304878
0.375211	0.030649
0.375578	0.0308096
0.375946	0.0309696
0.376313	0.0311291
0.376681	0.0312881
0.377048	0.0314466
0.377416	0.0316048
0.377783	0.0317625
0.378151	0.0319199
0.378518	0.0320771
0.378886	0.032234
0.379253	0.0323907
0.37962	0.0325474
0.379988	0.0327039
0.380355	0.0328605
0.380723	0.0330171
0.38109	0.0331737
0.381458	0.0333306
0.381825	0.0334877
0.382193	0.033645
0.38256	0.0338028
0.382928	0.0339609
0.383295	0.0341195
0.383663	0.0342786
0.38403	0.0344384
0.384398	0.0345988
0.384765	0.03476
0.385133	0.034922
0.3855	0.0350848
0.385868	0.0352487
0.386235	0.0354135
0.386603	0.0355794
0.38697	0.0357466
0.387338	0.0359149
0.387705	0.0360845
0.388073	0.0362556
0.38844	0.036428
0.388808	0.036602
0.389175	0.0367776
0.389543	0.0369548
0.38991	0.0371338
0.390278	0.0373145
0.390645	0.0374972
0.391013	0.0376818
0.39138	0.0378683
0.391748	0.038057
0.392115	0.0382478
0.392483	0.0384408
0.39285	0.038636
0.393218	0.0388336
0.393585	0.0390336
0.393953	0.0392361
0.39432	0.0394411
0.394688	0.0396486
0.395055	0.0398588
0.395423	0.0400717
0.39579	0.0402873
0.396158	0.0405057
0.396525	0.040727
0.396893	0.0409512
0.39726	0.0411783
0.397628	0.0414084
0.397995	0.0416416
0.398363	0.0418778
0.39873	0.0421172
0.399098	0.0423597
0.399465	0.0426055
0.399833	0.0428544
0.4002	0.0431066
0.400568	0.0433622
0.400935	0.043621
0.401303	0.0438832
0.40167	0.0441488
0.402038	0.0444178
0.402405	0.0446902
0.402773	0.044966
0.40314	0.0452452
0.403508	0.0455279
0.403875	0.0458141
0.404243	0.0461038
0.40461	0.0463969
0.404978	0.0466935
0.405345	0.0469935
0.405713	0.0472971
0.40608	0.0476041
0.406448	0.0479145
0.406815	0.0482284
0.407182	0.0485457
0.40755	0.0488665
0.407917	0.0491906
0.408285	0.0495181
0.408652	0.049849
0.40902	0.0501832
0.409387	0.0505206
0.409755	0.0508614
0.410122	0.0512053
0.41049	0.0515525
0.410857	0.0519028
0.411225	0.0522562
0.411592	0.0526127
0.41196	0.0529722
0.412327	0.0533346
0.412695	0.0537001
0.413062	0.0540683
0.41343	0.0544394
0.413797	0.0548133
0.414165	0.0551899
0.414532	0.0555691
0.4149	0.0559509
0.415267	0.0563352
0.415635	0.0567219
0.416002	0.0571111
0.41637	0.0575026
0.416737	0.0578963
0.417105	0.0582922
0.417472	0.0586902
0.41784	0.0590903
0.418207	0.0594923
0.418575	0.0598962
0.418942	0.0603019
0.41931	0.0607094
0.419677	0.0611184
0.420045	0.0615291
0.420412	0.0619413
0.42078	0.0623548
0.421147	0.0627697
0.421515	0.0631859
0.421882	0.0636032
0.42225	0.0640217
0.422617	0.0644411
0.422985	0.0648615
0.423352	0.0652827
0.42372	0.0657047
0.424087	0.0661274
0.424455	0.0665507
0.424822	0.0669746
0.42519	0.0673989
0.425557	0.0678236
0.425925	0.0682486
0.426292	0.0686738
0.42666	0.0690992
0.427027	0.0695247
0.427395	0.0699502
0.427762	0.0703757
0.42813	0.0708011
0.428497	0.0712263
0.428865	0.0716512
0.429232	0.0720759
0.4296	0.0725002
0.429967	0.0729241
0.430335	0.0733475
0.430702	0.0737704
0.43107	0.0741928
0.431437	0.0746145
0.431805	0.0750356
0.432172	0.075456
0.43254	0.0758757
0.432907	0.0762946
0.433275	0.0767128
0.433642	0.0771301
0.434009	0.0775466
0.434377	0.0779622
0.434744	0.078377
0.435112	0.0787909
0.435479	0.0792039
0.435847	0.0796159
0.436214	0.0800271
0.436582	0.0804374
0.436949	0.0808469
0.437317	0.0812554
0.437684	0.0816631
0.438052	0.08207
0.438419	0.082476
0.438787	0.0828813
0.439154	0.0832858
0.439522	0.0836897
0.439889	0.0840928
0.440257	0.0844954
0.440624	0.0848974
0.440992	0.0852989
0.441359	0.0856999
0.441727	0.0861006
0.442094	0.086501
0.442462	0.0869011
0.442829	0.0873012
0.443197	0.0877011
0.443564	0.0881011
0.443932	0.0885013
0.444299	0.0889017
0.444667	0.0893024
0.445034	0.0897036
0.445402	0.0901053
0.445769	0.0905078
0.446137	0.090911
0.446504	0.0913153
0.446872	0.0917206
0.447239	0.0921271
0.447607	0.0925351
0.447974	0.0929445
0.448342	0.0933557
0.448709	0.0937687
0.449077	0.0941837
0.449444	0.0946009
0.449812	0.0950204
0.450179	0.0954425
0.450547	0.0958672
0.450914	0.0962949
0.451282	0.0967257
0.451649	0.0971598
0.452017	0.0975973
0.452384	0.0980386
0.452752	0.0984837
0.453119	0.098933
0.453487	0.0993866
0.453854	0.0998447
0.454222	0.100308
0.454589	0.100776
0.454957	0.101249
0.455324	0.101727
0.455692	0.102211
0.456059	0.102702
0.456427	0.103198
0.456794	0.103701
0.457162	0.10421
0.457529	0.104726
0.457897	0.10525
0.458264	0.105781
0.458632	0.106319
0.458999	0.106866
0.459367	0.10742
0.459734	0.107983
0.460102	0.108555
0.460469	0.109136
0.460837	0.109726
0.461204	0.110325
0.461571	0.110934
0.461939	0.111553
0.462306	0.112183
0.462674	0.112822
0.463041	0.113473
0.463409	0.114135
0.463776	0.114808
0.464144	0.115493
0.464511	0.116189
0.464879	0.116898
0.465246	0.117619
0.465614	0.118352
0.465981	0.119099
0.466349	0.119859
0.466716	0.120632
0.467084	0.121418
0.467451	0.122219
0.467819	0.123034
0.468186	0.123863
0.468554	0.124707
0.468921	0.125566
0.469289	0.126439
0.469656	0.127329
0.470024	0.128233
0.470391	0.129154
0.470759	0.130091
0.471126	0.131043
0.471494	0.132013
0.471861	0.132999
0.472229	0.134002
0.472596	0.135022
0.472964	0.136059
0.473331	0.137114
0.473699	0.138187
0.474066	0.139277
0.474434	0.140386
0.474801	0.141513
0.475169	0.142658
0.475536	0.143821
0.475904	0.145004
0.476271	0.146205
0.476639	0.147426
0.477006	0.148665
0.477374	0.149924
0.477741	0.151202
0.478109	0.1525
0.478476	0.153818
0.478844	0.155155
0.479211	0.156512
0.479579	0.157889
0.479946	0.159287
0.480314	0.160704
0.480681	0.162142
0.481049	0.1636
0.481416	0.165079
0.481784	0.166578
0.482151	0.168097
0.482519	0.169637
0.482886	0.171198
0.483254	0.172779
0.483621	0.174381
0.483989	0.176004
0.484356	0.177647
0.484724	0.179311
0.485091	0.180996
0.485459	0.182701
0.485826	0.184427
0.486194	0.186174
0.486561	0.187942
0.486929	0.18973
0.487296	0.191539
0.487664	0.193368
0.488031	0.195218
0.488398	0.197088
0.488766	0.198978
0.489133	0.200889
0.489501	0.20282
0.489868	0.204771
0.490236	0.206742
0.490603	0.208734
0.490971	0.210745
0.491338	0.212776
0.491706	0.214826
0.492073	0.216896
0.492441	0.218986
0.492808	0.221095
0.493176	0.223223
0.493543	0.22537
0.493911	0.227536
0.494278	0.229721
0.494646	0.231925
0.495013	0.234147
0.495381	0.236387
0.495748	0.238646
0.496116	0.240923
0.496483	0.243218
0.496851	0.24553
0.497218	0.24786
0.497586	0.250208
0.497953	0.252573
0.498321	0.254955
0.498688	0.257354
0.499056	0.259769
0.499423	0.262202
0.499791	0.264651
0.500158	0.267116
0.500526	0.269597
0.500893	0.272094
0.501261	0.274607
0.501628	0.277136
0.501996	0.27968
0.502363	0.282239
0.502731	0.284814
0.503098	0.287404
0.503466	0.290008
0.503833	0.292627
0.504201	0.295261
0.504568	0.297909
0.504936	0.300571
0.505303	0.303247
0.505671	0.305937
0.506038	0.308641
0.506406	0.311359
0.506773	0.31409
0.507141	0.316835
0.507508	0.319593
0.507876	0.322365
0.508243	0.325149
0.508611	0.327947
0.508978	0.330757
0.509346	0.333581
0.509713	0.336417
0.510081	0.339266
0.510448	0.342127
0.510816	0.345002
0.511183	0.347888
0.511551	0.350788
0.511918	0.3537
0.512286	0.356624
0.512653	0.359561
0.513021	0.36251
0.513388	0.365472
0.513756	0.368447
0.514123	0.371434
0.514491	0.374433
0.514858	0.377446
0.515225	0.38047
0.515593	0.383508
0.51596	0.386559
0.516328	0.389623
0.516695	0.392699
0.517063	0.395789
0.51743	0.398892
0.517798	0.402009
0.518165	0.405139
0.518533	0.408284
0.5189	0.411442
0.519268	0.414614
0.519635	0.417801
0.520003	0.421002
0.52037	0.424218
0.520738	0.427449
0.521105	0.430696
0.521473	0.433958
0.52184	0.437236
0.522208	0.44053
0.522575	0.443841
0.522943	0.447169
0.52331	0.450513
0.523678	0.453876
0.524045	0.457256
0.524413	0.460654
0.52478	0.464071
0.525148	0.467507
0.525515	0.470962
0.525883	0.474438
0.52625	0.477933
0.526618	0.48145
0.526985	0.484988
0.527353	0.488547
0.52772	0.492129
0.528088	0.495733
0.528455	0.499361
0.528823	0.503013
0.52919	0.506689
0.529558	0.510389
0.529925	0.514116
0.530293	0.517868
0.53066	0.521647
0.531028	0.525453
0.531395	0.529288
0.531763	0.53315
0.53213	0.537042
0.532498	0.540964
0.532865	0.544916
0.533233	0.548899
0.5336	0.552914
0.533968	0.556962
0.534335	0.561042
0.534703	0.565157
0.53507	0.569306
0.535438	0.57349
0.535805	0.577711
0.536173	0.581968
0.53654	0.586263
0.536908	0.590596
0.537275	0.594968
0.537643	0.59938
0.53801	0.603833
0.538378	0.608327
0.538745	0.612862
0.539113	0.617441
0.53948	0.622064
0.539848	0.626731
0.540215	0.631443
0.540583	0.636201
0.54095	0.641007
0.541318	0.645859
0.541685	0.65076
0.542053	0.655711
0.54242	0.660711
0.542787	0.665763
0.543155	0.670865
0.543522	0.676021
0.54389	0.681229
0.544257	0.686491
0.544625	0.691809
0.544992	0.697181
0.54536	0.70261
0.545727	0.708096
0.546095	0.71364
0.546462	0.719242
0.54683	0.724904
0.547197	0.730626
0.547565	0.736408
0.547932	0.742252
0.5483	0.748159
0.548667	0.754128
0.549035	0.760161
0.549402	0.766258
0.54977	0.77242
0.550137	0.778648
0.550505	0.784942
0.550872	0.791303
0.55124	0.797731
0.551607	0.804227
0.551975	0.810793
0.552342	0.817427
0.55271	0.824131
0.553077	0.830906
0.553445	0.837751
0.553812	0.844668
0.55418	0.851656
0.554547	0.858717
0.554915	0.865851
0.555282	0.873057
0.55565	0.880337
0.556017	0.887691
0.556385	0.89512
0.556752	0.902622
0.55712	0.9102
0.557487	0.917853
0.557855	0.925581
0.558222	0.933385
0.55859	0.941265
0.558957	0.94922
0.559325	0.957252
0.559692	0.96536
0.56006	0.973544
0.560427	0.981805
0.560795	0.990142
0.561162	0.998555
0.56153	1.00705
0.561897	1.01561
0.562265	1.02425
0.562632	1.03297
0.563	1.04177
0.563367	1.05064
0.563735	1.05958
0.564102	1.06861
0.56447	1.0777
0.564837	1.08687
0.565205	1.09612
0.565572	1.10544
0.56594	1.11483
0.566307	1.1243
0.566675	1.13384
0.567042	1.14345
0.56741	1.15313
0.567777	1.16288
0.568145	1.17271
0.568512	1.1826
0.56888	1.19256
0.569247	1.2026
0.569614	1.21269
0.569982	1.22286
0.570349	1.23309
0.570717	1.24338
0.571084	1.25374
0.571452	1.26417
0.571819	1.27465
0.572187	1.2852
0.572554	1.2958
0.572922	1.30647
0.573289	1.31719
0.573657	1.32797
0.574024	1.3388
0.574392	1.34969
0.574759	1.36063
0.575127	1.37162
0.575494	1.38266
0.575862	1.39375
0.576229	1.40489
0.576597	1.41607
0.576964	1.4273
0.577332	1.43857
0.577699	1.44988
0.578067	1.46123
0.578434	1.47262
0.578802	1.48404
0.579169	1.4955
0.579537	1.50699
0.579904	1.51852
0.580272	1.53007
0.580639	1.54164
0.581007	1.55325
0.581374	1.56488
0.581742	1.57652
0.582109	1.58819
0.582477	1.59988
0.582844	1.61158
0.583212	1.62329
0.583579	1.63502
0.583947	1.64676
0.584314	1.6585
0.584682	1.67025
0.585049	1.682
0.585417	1.69375
0.585784	1.7055
0.586152	1.71724
0.586519	1.72898
0.586887	1.74071
0.587254	1.75243
0.587622	1.76414
0.587989	1.77583
0.588357	1.7875
0.588724	1.79915
0.589092	1.81079
0.589459	1.82239
0.589827	1.83397
0.590194	1.84552
0.590562	1.85703
0.590929	1.86851
0.591297	1.87995
0.591664	1.89136
0.592032	1.90272
0.592399	1.91403
0.592767	1.9253
0.593134	1.93652
0.593502	1.94769
0.593869	1.9588
0.594237	1.96985
0.594604	1.98084
0.594972	1.99177
0.595339	2.00264
0.595707	2.01343
0.596074	2.02416
0.596441	2.03482
0.596809	2.0454
0.597176	2.0559
0.597544	2.06632
0.597911	2.07665
0.598279	2.08691
0.598646	2.09707
0.599014	2.10715
0.599381	2.11713
0.599749	2.12701
0.600116	2.1368
0.600484	2.14649
0.600851	2.15608
0.601219	2.16556
0.601586	2.17493
0.601954	2.18419
0.602321	2.19335
0.602689	2.20238
0.603056	2.21131
0.603424	2.22011
0.603791	2.22879
0.604159	2.23735
0.604526	2.24578
0.604894	2.25409
0.605261	2.26226
0.605629	2.2703
0.605996	2.27821
0.606364	2.28599
0.606731	2.29362
0.607099	2.30112
0.607466	2.30848
0.607834	2.31569
0.608201	2.32275
0.608569	2.32967
0.608936	2.33644
0.609304	2.34306
0.609671	2.34953
0.610039	2.35584
0.610406	2.362
0.610774	2.368
0.611141	2.37384
0.611509	2.37952
0.611876	2.38504
0.612244	2.3904
0.612611	2.39559
0.612979	2.40062
0.613346	2.40548
0.613714	2.41017
0.614081	2.41469
0.614449	2.41905
0.614816	2.42323
0.615184	2.42724
0.615551	2.43108
0.615919	2.43475
0.616286	2.43824
0.616654	2.44155
0.617021	2.44469
0.617389	2.44766
0.617756	2.45044
0.618124	2.45305
0.618491	2.45548
0.618859	2.45773
0.619226	2.45981
0.619594	2.4617
0.619961	2.46342
0.620329	2.46496
0.620696	2.46632
0.621064	2.46749
0.621431	2.46849
0.621799	2.46931
0.622166	2.46996
0.622534	2.47042
0.622901	2.4707
0.623269	2.47081
0.623636	2.47074
0.624003	2.47049
0.624371	2.47007
0.624738	2.46947
0.625106	2.46869
0.625473	2.46774
0.625841	2.46662
0.626208	2.46532
0.626576	2.46385
0.626943	2.46221
0.627311	2.4604
0.627678	2.45842
0.628046	2.45628
0.628413	2.45397
0.628781	2.45149
0.629148	2.44885
0.629516	2.44604
0.629883	2.44308
0.630251	2.43996
0.630618	2.43668
0.630986	2.43324
0.631353	2.42965
0.631721	2.4259
0.632088	2.422
0.632456	2.41796
0.632823	2.41377
0.633191	2.40943
0.633558	2.40495
0.633926	2.40033
0.634293	2.39557
0.634661	2.39067
0.635028	2.38564
0.635396	2.38048
0.635763	2.37518
0.636131	2.36976
0.636498	2.36422
0.636866	2.35855
0.637233	2.35276
0.637601	2.34685
0.637968	2.34083
0.638336	2.33469
0.638703	2.32845
0.639071	2.3221
0.639438	2.31564
0.639806	2.30909
0.640173	2.30243
0.640541	2.29568
0.640908	2.28883
0.641276	2.2819
0.641643	2.27488
0.642011	2.26777
0.642378	2.26058
0.642746	2.25332
0.643113	2.24598
0.643481	2.23856
0.643848	2.23108
0.644216	2.22354
0.644583	2.21593
0.644951	2.20826
0.645318	2.20053
0.645686	2.19275
0.646053	2.18492
0.646421	2.17705
0.646788	2.16913
0.647156	2.16117
0.647523	2.15317
0.647891	2.14514
0.648258	2.13708
0.648626	2.12899
0.648993	2.12088
0.649361	2.11275
0.649728	2.1046
0.650096	2.09643
0.650463	2.08826
0.65083	2.08008
0.651198	2.07189
0.651565	2.0637
0.651933	2.05551
0.6523	2.04733
0.652668	2.03916
0.653035	2.031
0.653403	2.02285
0.65377	2.01472
0.654138	2.00661
0.654505	1.99853
0.654873	1.99047
0.65524	1.98245
0.655608	1.97445
0.655975	1.9665
0.656343	1.95858
0.65671	1.95071
0.657078	1.94288
0.657445	1.9351
0.657813	1.92737
0.65818	1.91969
0.658548	1.91207
0.658915	1.90451
0.659283	1.89702
0.65965	1.88958
0.660018	1.88222
0.660385	1.87492
0.660753	1.8677
0.66112	1.86056
0.661488	1.85349
0.661855	1.8465
0.662223	1.83959
0.66259	1.83277
0.662958	1.82604
0.663325	1.81939
0.663693	1.81284
0.66406	1.80638
0.664428	1.80002
0.664795	1.79375
0.665163	1.78759
0.66553	1.78153
0.665898	1.77557
0.666265	1.76971
0.666633	1.76397
0.667	1.75833
0.667368	1.7528
0.667735	1.74738
0.668103	1.74208
0.66847	1.7369
0.668838	1.73183
0.669205	1.72687
0.669573	1.72204
0.66994	1.71733
0.670308	1.71273
0.670675	1.70826
0.671043	1.70392
0.67141	1.69969
0.671778	1.6956
0.672145	1.69163
0.672513	1.68778
0.67288	1.68406
0.673248	1.68047
0.673615	1.67701
0.673983	1.67368
0.67435	1.67048
0.674718	1.6674
0.675085	1.66446
0.675453	1.66165
0.67582	1.65896
0.676188	1.65641
0.676555	1.65399
0.676923	1.65169
0.67729	1.64953
0.677658	1.6475
0.678025	1.64559
0.678392	1.64382
0.67876	1.64217
0.679127	1.64066
0.679495	1.63927
0.679862	1.638
0.68023	1.63687
0.680597	1.63585
0.680965	1.63497
0.681332	1.63421
0.6817	1.63357
0.682067	1.63305
0.682435	1.63265
0.682802	1.63238
0.68317	1.63222
0.683537	1.63218
0.683905	1.63225
0.684272	1.63244
0.68464	1.63275
0.685007	1.63317
0.685375	1.63369
0.685742	1.63433
0.68611	1.63507
0.686477	1.63592
0.686845	1.63687
0.687212	1.63793
0.68758	1.63908
0.687947	1.64034
0.688315	1.64169
0.688682	1.64313
0.68905	1.64467
0.689417	1.6463
0.689785	1.64802
0.690152	1.64982
0.69052	1.65171
0.690887	1.65368
0.691255	1.65573
0.691622	1.65786
0.69199	1.66006
0.692357	1.66234
0.692725	1.66469
0.693092	1.6671
0.69346	1.66958
0.693827	1.67213
0.694195	1.67473
0.694562	1.6774
0.69493	1.68012
0.695297	1.68289
0.695665	1.68572
0.696032	1.68859
0.6964	1.69151
0.696767	1.69447
0.697135	1.69747
0.697502	1.70051
0.69787	1.70359
0.698237	1.7067
0.698605	1.70983
0.698972	1.713
0.69934	1.71619
0.699707	1.7194
0.700075	1.72263
0.700442	1.72588
0.70081	1.72914
0.701177	1.73241
0.701545	1.7357
0.701912	1.73898
0.70228	1.74227
0.702647	1.74556
0.703015	1.74885
0.703382	1.75214
0.70375	1.75542
0.704117	1.75868
0.704485	1.76194
0.704852	1.76518
0.705219	1.7684
0.705587	1.7716
0.705954	1.77478
0.706322	1.77793
0.706689	1.78106
0.707057	1.78416
0.707424	1.78722
0.707792	1.79025
0.708159	1.79324
0.708527	1.79619
0.708894	1.7991
0.709262	1.80197
0.709629	1.80479
0.709997	1.80756
0.710364	1.81028
0.710732	1.81295
0.711099	1.81556
0.711467	1.81812
0.711834	1.82061
0.712202	1.82305
0.712569	1.82542
0.712937	1.82772
0.713304	1.82996
0.713672	1.83214
0.714039	1.83424
0.714407	1.83626
0.714774	1.83822
0.715142	1.8401
0.715509	1.8419
0.715877	1.84362
0.716244	1.84527
0.716612	1.84683
0.716979	1.84831
0.717347	1.8497
0.717714	1.85101
0.718082	1.85223
0.718449	1.85337
0.718817	1.85441
0.719184	1.85536
0.719552	1.85623
0.719919	1.857
0.720287	1.85767
0.720654	1.85825
0.721022	1.85874
0.721389	1.85913
0.721757	1.85943
0.722124	1.85963
0.722492	1.85973
0.722859	1.85973
0.723227	1.85963
0.723594	1.85943
0.723962	1.85913
0.724329	1.85874
0.724697	1.85824
0.725064	1.85764
0.725432	1.85694
0.725799	1.85614
0.726167	1.85524
0.726534	1.85423
0.726902	1.85313
0.727269	1.85192
0.727637	1.85062
0.728004	1.84921
0.728372	1.8477
0.728739	1.84609
0.729107	1.84438
0.729474	1.84258
0.729842	1.84067
0.730209	1.83866
0.730577	1.83656
0.730944	1.83435
0.731312	1.83205
0.731679	1.82966
0.732046	1.82716
0.732414	1.82457
0.732781	1.82189
0.733149	1.81912
0.733516	1.81625
0.733884	1.81329
0.734251	1.81023
0.734619	1.80709
0.734986	1.80386
