# Frequency (eV) 	 Current Real 	 Imaginary
0	-0.21909	0
0.000367493	-0.219062	-0.00379419
0.000734986	-0.218977	-0.00758759
0.00110248	-0.218835	-0.0113794
0.00146997	-0.218636	-0.0151688
0.00183747	-0.21838	-0.0189551
0.00220496	-0.218068	-0.0227373
0.00257245	-0.217699	-0.0265148
0.00293995	-0.217273	-0.0302868
0.00330744	-0.216791	-0.0340523
0.00367493	-0.216252	-0.0378107
0.00404243	-0.215656	-0.0415611
0.00440992	-0.215004	-0.0453028
0.00477741	-0.214296	-0.0490348
0.00514491	-0.213531	-0.0527564
0.0055124	-0.21271	-0.0564668
0.00587989	-0.211833	-0.0601652
0.00624738	-0.210899	-0.0638507
0.00661488	-0.20991	-0.0675226
0.00698237	-0.208865	-0.0711799
0.00734986	-0.207764	-0.0748219
0.00771736	-0.206608	-0.0784478
0.00808485	-0.205396	-0.0820566
0.00845234	-0.204128	-0.0856476
0.00881984	-0.202806	-0.0892199
0.00918733	-0.201428	-0.0927727
0.00955482	-0.199996	-0.0963051
0.00992232	-0.198509	-0.0998162
0.0102898	-0.196967	-0.103305
0.0106573	-0.195371	-0.106771
0.0110248	-0.193721	-0.110214
0.0113923	-0.192017	-0.113631
0.0117598	-0.19026	-0.117023
0.0121273	-0.188449	-0.120388
0.0124948	-0.186585	-0.123726
0.0128623	-0.184668	-0.127036
0.0132298	-0.182699	-0.130317
0.0135972	-0.180677	-0.133568
0.0139647	-0.178603	-0.136787
0.0143322	-0.176478	-0.139975
0.0146997	-0.174302	-0.143131
0.0150672	-0.172074	-0.146252
0.0154347	-0.169796	-0.149339
0.0158022	-0.167468	-0.152391
0.0161697	-0.16509	-0.155406
0.0165372	-0.162663	-0.158384
0.0169047	-0.160186	-0.161323
0.0172722	-0.157662	-0.164224
0.0176397	-0.155089	-0.167084
0.0180072	-0.152469	-0.169903
0.0183747	-0.149802	-0.172681
0.0187422	-0.147088	-0.175416
0.0191096	-0.144328	-0.178107
0.0194771	-0.141524	-0.180753
0.0198446	-0.138674	-0.183353
0.0202121	-0.13578	-0.185907
0.0205796	-0.132843	-0.188414
0.0209471	-0.129862	-0.190872
0.0213146	-0.12684	-0.193282
0.0216821	-0.123776	-0.19564
0.0220496	-0.120671	-0.197948
0.0224171	-0.117526	-0.200204
0.0227846	-0.114342	-0.202407
0.0231521	-0.111119	-0.204556
0.0235196	-0.107858	-0.206651
0.0238871	-0.104561	-0.20869
0.0242546	-0.101227	-0.210673
0.024622	-0.0978582	-0.212599
0.0249895	-0.0944549	-0.214466
0.025357	-0.0910181	-0.216275
0.0257245	-0.0875488	-0.218023
0.026092	-0.0840479	-0.219712
0.0264595	-0.0805165	-0.221339
0.026827	-0.0769554	-0.222903
0.0271945	-0.0733657	-0.224405
0.027562	-0.0697486	-0.225843
0.0279295	-0.066105	-0.227217
0.028297	-0.062436	-0.228525
0.0286645	-0.0587428	-0.229767
0.029032	-0.0550264	-0.230943
0.0293995	-0.0512882	-0.232052
0.029767	-0.0475291	-0.233092
0.0301344	-0.0437505	-0.234064
0.0305019	-0.0399536	-0.234967
0.0308694	-0.0361396	-0.235799
0.0312369	-0.0323098	-0.236561
0.0316044	-0.0284654	-0.237252
0.0319719	-0.0246079	-0.237872
0.0323394	-0.0207384	-0.238419
0.0327069	-0.0168585	-0.238894
0.0330744	-0.0129694	-0.239295
0.0334419	-0.00907251	-0.239623
0.0338094	-0.00516931	-0.239877
0.0341769	-0.00126119	-0.240057
0.0345444	0.00265041	-0.240162
0.0349119	0.006564	-0.240192
0.0352793	0.0104781	-0.240146
0.0356468	0.0143913	-0.240025
0.0360143	0.0183019	-0.239827
0.0363818	0.0222086	-0.239554
0.0367493	0.0261096	-0.239204
0.0371168	0.0300036	-0.238777
0.0374843	0.0338889	-0.238274
0.0378518	0.0377639	-0.237695
0.0382193	0.041627	-0.237038
0.0385868	0.0454766	-0.236304
0.0389543	0.0493112	-0.235494
0.0393218	0.053129	-0.234607
0.0396893	0.0569285	-0.233643
0.0400568	0.060708	-0.232603
0.0404243	0.0644659	-0.231486
0.0407917	0.0682005	-0.230293
0.0411592	0.0719101	-0.229024
0.0415267	0.0755931	-0.227679
0.0418942	0.0792479	-0.226259
0.0422617	0.0828726	-0.224764
0.0426292	0.0864658	-0.223194
0.0429967	0.0900256	-0.22155
0.0433642	0.0935505	-0.219832
0.0437317	0.0970388	-0.21804
0.0440992	0.100489	-0.216176
0.0444667	0.103899	-0.21424
0.0448342	0.107267	-0.212232
0.0452017	0.110592	-0.210153
0.0455692	0.113873	-0.208005
0.0459367	0.117106	-0.205787
0.0463041	0.120292	-0.2035
0.0466716	0.123427	-0.201145
0.0470391	0.126512	-0.198724
0.0474066	0.129543	-0.196236
0.0477741	0.13252	-0.193684
0.0481416	0.13544	-0.191067
0.0485091	0.138303	-0.188388
0.0488766	0.141107	-0.185647
0.0492441	0.14385	-0.182844
0.0496116	0.146531	-0.179983
0.0499791	0.149148	-0.177062
0.0503466	0.1517	-0.174085
0.0507141	0.154186	-0.171052
0.0510816	0.156603	-0.167964
0.0514491	0.158952	-0.164823
0.0518165	0.161229	-0.16163
0.052184	0.163435	-0.158387
0.0525515	0.165567	-0.155095
0.052919	0.167624	-0.151756
0.0532865	0.169606	-0.14837
0.053654	0.171511	-0.144941
0.0540215	0.173337	-0.141468
0.054389	0.175085	-0.137955
0.0547565	0.176752	-0.134402
0.055124	0.178337	-0.130812
0.0554915	0.17984	-0.127186
0.055859	0.181259	-0.123526
0.0562265	0.182594	-0.119833
0.056594	0.183843	-0.11611
0.0569614	0.185007	-0.112359
0.0573289	0.186083	-0.108581
0.0576964	0.187071	-0.104778
0.0580639	0.187971	-0.100952
0.0584314	0.188781	-0.0971051
0.0587989	0.189501	-0.0932396
0.0591664	0.190131	-0.0893572
0.0595339	0.19067	-0.0854601
0.0599014	0.191117	-0.0815502
0.0602689	0.191472	-0.0776296
0.0606364	0.191734	-0.0737005
0.0610039	0.191903	-0.0697648
0.0613714	0.19198	-0.0658249
0.0617389	0.191962	-0.0618827
0.0621064	0.191851	-0.0579405
0.0624738	0.191647	-0.0540004
0.0628413	0.191348	-0.0500646
0.0632088	0.190955	-0.0461353
0.0635763	0.190468	-0.0422147
0.0639438	0.189887	-0.0383049
0.0643113	0.189213	-0.0344082
0.0646788	0.188444	-0.0305267
0.0650463	0.187582	-0.0266628
0.0654138	0.186627	-0.0228185
0.0657813	0.185579	-0.0189962
0.0661488	0.184438	-0.0151979
0.0665163	0.183206	-0.011426
0.0668838	0.181881	-0.00768254
0.0672513	0.180466	-0.0039698
0.0676188	0.17896	-0.000289952
0.0679862	0.177364	0.00335485
0.0683537	0.175679	0.00696243
0.0687212	0.173906	0.0105306
0.0690887	0.172046	0.0140574
0.0694562	0.170098	0.0175405
0.0698237	0.168065	0.0209778
0.0701912	0.165947	0.0243674
0.0705587	0.163746	0.0277071
0.0709262	0.161462	0.0309949
0.0712937	0.159096	0.0342287
0.0716612	0.15665	0.0374066
0.0720287	0.154125	0.0405266
0.0723962	0.151523	0.0435868
0.0727637	0.148844	0.0465852
0.0731312	0.14609	0.04952
0.0734986	0.143262	0.0523892
0.0738661	0.140363	0.0551912
0.0742336	0.137393	0.0579241
0.0746011	0.134354	0.0605861
0.0749686	0.131248	0.0631755
0.0753361	0.128077	0.0656907
0.0757036	0.124842	0.0681301
0.0760711	0.121544	0.070492
0.0764386	0.118187	0.0727748
0.0768061	0.114771	0.0749772
0.0771736	0.111299	0.0770975
0.0775411	0.107772	0.0791345
0.0779086	0.104193	0.0810866
0.0782761	0.100564	0.0829527
0.0786435	0.0968858	0.0847314
0.079011	0.0931616	0.0864215
0.0793785	0.0893932	0.0880218
0.079746	0.0855827	0.0895313
0.0801135	0.0817325	0.0909488
0.080481	0.0778446	0.0922733
0.0808485	0.0739214	0.0935039
0.081216	0.0699652	0.0946397
0.0815835	0.0659781	0.0956798
0.081951	0.0619627	0.0966234
0.0823185	0.0579211	0.0974698
0.082686	0.0538559	0.0982184
0.0830535	0.0497693	0.0988686
0.083421	0.0456638	0.0994197
0.0837885	0.0415418	0.0998713
0.0841559	0.0374058	0.100223
0.0845234	0.0332582	0.100474
0.0848909	0.0291015	0.100625
0.0852584	0.0249381	0.100675
0.0856259	0.0207706	0.100624
0.0859934	0.0166014	0.100472
0.0863609	0.0124331	0.100218
0.0867284	0.00826812	0.0998636
0.0870959	0.00410898	0.0994079
0.0874634	-4.18037e-05	0.0988512
0.0878309	-0.00418173	0.0981938
0.0881984	-0.00830831	0.0974359
0.0885659	-0.012419	0.0965779
0.0889334	-0.0165114	0.0956201
0.0893009	-0.020583	0.0945631
0.0896683	-0.0246313	0.0934073
0.0900358	-0.0286539	0.0921534
0.0904033	-0.0326482	0.090802
0.0907708	-0.036612	0.0893538
0.0911383	-0.0405427	0.0878096
0.0915058	-0.0444381	0.0861702
0.0918733	-0.0482956	0.0844366
0.0922408	-0.052113	0.0826098
0.0926083	-0.0558879	0.0806907
0.0929758	-0.0596181	0.0786804
0.0933433	-0.0633013	0.0765802
0.0937108	-0.0669351	0.0743911
0.0940783	-0.0705175	0.0721146
0.0944458	-0.0740462	0.0697518
0.0948133	-0.0775191	0.0673043
0.0951807	-0.0809341	0.0647734
0.0955482	-0.084289	0.0621606
0.0959157	-0.0875819	0.0594675
0.0962832	-0.0908107	0.0566957
0.0966507	-0.0939736	0.0538469
0.0970182	-0.0970685	0.0509227
0.0973857	-0.100094	0.0479249
0.0977532	-0.103047	0.0448553
0.0981207	-0.105927	0.0417159
0.0984882	-0.108732	0.0385084
0.0988557	-0.111461	0.0352348
0.0992232	-0.11411	0.0318971
0.0995907	-0.11668	0.0284974
0.0999582	-0.119168	0.0250378
0.100326	-0.121574	0.0215203
0.100693	-0.123895	0.017947
0.101061	-0.12613	0.0143203
0.101428	-0.128278	0.0106423
0.101796	-0.130337	0.00691531
0.102163	-0.132307	0.00314157
0.102531	-0.134187	-0.00067656
0.102898	-0.135975	-0.00453673
0.103266	-0.13767	-0.00843656
0.103633	-0.139271	-0.0123736
0.104001	-0.140778	-0.0163455
0.104368	-0.14219	-0.0203498
0.104736	-0.143506	-0.0243839
0.105103	-0.144725	-0.0284455
0.105471	-0.145846	-0.0325319
0.105838	-0.14687	-0.0366406
0.106206	-0.147795	-0.0407692
0.106573	-0.148621	-0.044915
0.106941	-0.149349	-0.0490755
0.107308	-0.149976	-0.0532481
0.107676	-0.150505	-0.0574302
0.108043	-0.150933	-0.0616193
0.108411	-0.151262	-0.0658127
0.108778	-0.151491	-0.0700079
0.109145	-0.151619	-0.0742022
0.109513	-0.151649	-0.0783932
0.10988	-0.151579	-0.0825782
0.110248	-0.151409	-0.0867546
0.110615	-0.151141	-0.0909199
0.110983	-0.150774	-0.0950715
0.11135	-0.15031	-0.0992069
0.111718	-0.149748	-0.103323
0.112085	-0.149089	-0.107419
0.112453	-0.148334	-0.11149
0.11282	-0.147483	-0.115536
0.113188	-0.146538	-0.119552
0.113555	-0.145499	-0.123538
0.113923	-0.144367	-0.12749
0.11429	-0.143144	-0.131406
0.114658	-0.14183	-0.135283
0.115025	-0.140426	-0.13912
0.115393	-0.138933	-0.142915
0.11576	-0.137354	-0.146663
0.116128	-0.135688	-0.150365
0.116495	-0.133939	-0.154017
0.116863	-0.132105	-0.157617
0.11723	-0.130191	-0.161164
0.117598	-0.128196	-0.164654
0.117965	-0.126122	-0.168086
0.118333	-0.123972	-0.171459
0.1187	-0.121747	-0.17477
0.119068	-0.119448	-0.178017
0.119435	-0.117077	-0.181198
0.119803	-0.114637	-0.184312
0.12017	-0.112129	-0.187356
0.120538	-0.109554	-0.19033
0.120905	-0.106916	-0.193231
0.121273	-0.104216	-0.196058
0.12164	-0.101455	-0.19881
0.122008	-0.0986373	-0.201484
0.122375	-0.0957635	-0.20408
0.122743	-0.0928361	-0.206597
0.12311	-0.0898574	-0.209032
0.123478	-0.0868296	-0.211384
0.123845	-0.0837549	-0.213653
0.124213	-0.0806358	-0.215838
0.12458	-0.0774744	-0.217936
0.124948	-0.0742732	-0.219948
0.125315	-0.0710345	-0.221872
0.125683	-0.0677607	-0.223708
0.12605	-0.0644543	-0.225455
0.126418	-0.0611177	-0.227111
0.126785	-0.0577533	-0.228677
0.127153	-0.0543636	-0.230152
0.12752	-0.0509511	-0.231534
0.127888	-0.0475184	-0.232825
0.128255	-0.0440678	-0.234023
0.128623	-0.040602	-0.235128
0.12899	-0.0371233	-0.23614
0.129358	-0.0336345	-0.237058
0.129725	-0.0301379	-0.237883
0.130093	-0.0266361	-0.238615
0.13046	-0.0231317	-0.239253
0.130828	-0.0196271	-0.239798
0.131195	-0.0161249	-0.240249
0.131563	-0.0126276	-0.240607
0.13193	-0.00913759	-0.240873
0.132298	-0.00565747	-0.241046
0.132665	-0.00218969	-0.241128
0.133033	0.00126331	-0.241117
0.1334	0.00469908	-0.241017
0.133768	0.00811519	-0.240825
0.134135	0.0115093	-0.240545
0.134503	0.0148789	-0.240175
0.13487	0.0182217	-0.239718
0.135238	0.0215354	-0.239173
0.135605	0.0248177	-0.238543
0.135972	0.0280662	-0.237827
0.13634	0.0312788	-0.237027
0.136707	0.0344533	-0.236145
0.137075	0.0375874	-0.23518
0.137442	0.040679	-0.234135
0.13781	0.043726	-0.233011
0.138177	0.0467264	-0.23181
0.138545	0.0496781	-0.230532
0.138912	0.0525791	-0.229178
0.13928	0.0554275	-0.227752
0.139647	0.0582214	-0.226254
0.140015	0.0609589	-0.224685
0.140382	0.0636382	-0.223048
0.14075	0.0662576	-0.221344
0.141117	0.0688154	-0.219575
0.141485	0.0713099	-0.217743
0.141852	0.0737395	-0.21585
0.14222	0.0761027	-0.213897
0.142587	0.0783979	-0.211886
0.142955	0.0806238	-0.20982
0.143322	0.0827788	-0.2077
0.14369	0.0848618	-0.205529
0.144057	0.0868714	-0.203308
0.144425	0.0888064	-0.20104
0.144792	0.0906657	-0.198726
0.14516	0.0924482	-0.19637
0.145527	0.0941529	-0.193972
0.145895	0.0957787	-0.191536
0.146262	0.0973248	-0.189063
0.14663	0.0987903	-0.186556
0.146997	0.100174	-0.184018
0.147365	0.101477	-0.181449
0.147732	0.102696	-0.178854
0.1481	0.103832	-0.176233
0.148467	0.104884	-0.17359
0.148835	0.105853	-0.170926
0.149202	0.106736	-0.168245
0.14957	0.107534	-0.165547
0.149937	0.108248	-0.162837
0.150305	0.108875	-0.160116
0.150672	0.109418	-0.157386
0.15104	0.109874	-0.154651
0.151407	0.110245	-0.151911
0.151775	0.110531	-0.149171
0.152142	0.110731	-0.146431
0.15251	0.110846	-0.143694
0.152877	0.110875	-0.140964
0.153245	0.110821	-0.138241
0.153612	0.110682	-0.135529
0.15398	0.110459	-0.132829
0.154347	0.110153	-0.130144
0.154715	0.109765	-0.127477
0.155082	0.109294	-0.124828
0.15545	0.108743	-0.122202
0.155817	0.10811	-0.119599
0.156185	0.107398	-0.117023
0.156552	0.106608	-0.114474
0.15692	0.105739	-0.111956
0.157287	0.104793	-0.10947
0.157655	0.103772	-0.107019
0.158022	0.102676	-0.104604
0.15839	0.101506	-0.102228
0.158757	0.100264	-0.099892
0.159125	0.0989512	-0.0975984
0.159492	0.0975685	-0.0953489
0.15986	0.0961174	-0.0931455
0.160227	0.0945994	-0.0909899
0.160595	0.0930159	-0.0888839
0.160962	0.0913684	-0.0868292
0.16133	0.0896585	-0.0848274
0.161697	0.0878879	-0.0828802
0.162065	0.086058	-0.0809891
0.162432	0.0841707	-0.0791556
0.162799	0.0822277	-0.0773813
0.163167	0.0802306	-0.0756675
0.163534	0.0781813	-0.0740155
0.163902	0.0760816	-0.0724268
0.164269	0.0739335	-0.0709025
0.164637	0.0717387	-0.0694439
0.165004	0.0694992	-0.068052
0.165372	0.0672169	-0.0667281
0.165739	0.0648939	-0.0654731
0.166107	0.0625321	-0.0642881
0.166474	0.0601336	-0.0631738
0.166842	0.0577003	-0.0621313
0.167209	0.0552345	-0.0611612
0.167577	0.0527381	-0.0602644
0.167944	0.0502132	-0.0594415
0.168312	0.047662	-0.0586931
0.168679	0.0450866	-0.0580198
0.169047	0.0424892	-0.0574221
0.169414	0.0398718	-0.0569005
0.169782	0.0372367	-0.0564553
0.170149	0.034586	-0.0560868
0.170517	0.0319218	-0.0557953
0.170884	0.0292464	-0.055581
0.171252	0.0265619	-0.055444
0.171619	0.0238705	-0.0553844
0.171987	0.0211743	-0.0554022
0.172354	0.0184756	-0.0554974
0.172722	0.0157764	-0.0556697
0.173089	0.0130789	-0.0559192
0.173457	0.0103853	-0.0562455
0.173824	0.0076976	-0.0566483
0.174192	0.00501803	-0.0571273
0.174559	0.00234864	-0.0576821
0.174927	-0.000308483	-0.0583122
0.175294	-0.00295127	-0.0590171
0.175662	-0.00557768	-0.0597963
0.176029	-0.00818568	-0.060649
0.176397	-0.0107733	-0.0615745
0.176764	-0.0133385	-0.0625723
0.177132	-0.0158794	-0.0636413
0.177499	-0.018394	-0.0647808
0.177867	-0.0208805	-0.0659899
0.178234	-0.0233369	-0.0672676
0.178602	-0.0257615	-0.0686129
0.178969	-0.0281525	-0.0700248
0.179337	-0.030508	-0.071502
0.179704	-0.0328264	-0.0730436
0.180072	-0.0351059	-0.0746482
0.180439	-0.0373449	-0.0763147
0.180807	-0.0395417	-0.0780417
0.181174	-0.0416949	-0.079828
0.181542	-0.0438029	-0.081672
0.181909	-0.0458641	-0.0835725
0.182277	-0.0478771	-0.085528
0.182644	-0.0498405	-0.087537
0.183012	-0.051753	-0.0895979
0.183379	-0.0536132	-0.0917092
0.183747	-0.0554199	-0.0938693
0.184114	-0.0571718	-0.0960766
0.184482	-0.0588679	-0.0983294
0.184849	-0.0605068	-0.100626
0.185217	-0.0620877	-0.102965
0.185584	-0.0636095	-0.105344
0.185952	-0.0650712	-0.107762
0.186319	-0.0664719	-0.110216
0.186687	-0.0678107	-0.112706
0.187054	-0.0690869	-0.115229
0.187422	-0.0702996	-0.117783
0.187789	-0.0714483	-0.120366
0.188157	-0.0725322	-0.122978
0.188524	-0.0735507	-0.125615
0.188892	-0.0745034	-0.128275
0.189259	-0.0753897	-0.130958
0.189627	-0.0762092	-0.133661
0.189994	-0.0769617	-0.136381
0.190361	-0.0776466	-0.139118
0.190729	-0.0782639	-0.141869
0.191096	-0.0788132	-0.144632
0.191464	-0.0792945	-0.147406
0.191831	-0.0797077	-0.150188
0.192199	-0.0800527	-0.152976
0.192566	-0.0803296	-0.155769
0.192934	-0.0805384	-0.158564
0.193301	-0.0806793	-0.16136
0.193669	-0.0807525	-0.164154
0.194036	-0.0807582	-0.166946
0.194404	-0.0806967	-0.169732
0.194771	-0.0805683	-0.172511
0.195139	-0.0803735	-0.175282
0.195506	-0.0801127	-0.178042
0.195874	-0.0797864	-0.180789
0.196241	-0.0793952	-0.183522
0.196609	-0.0789397	-0.186239
0.196976	-0.0784206	-0.188939
0.197344	-0.0778384	-0.191618
0.197711	-0.0771941	-0.194276
0.198079	-0.0764884	-0.196912
0.198446	-0.0757221	-0.199522
0.198814	-0.0748962	-0.202107
0.199181	-0.0740115	-0.204663
0.199549	-0.0730691	-0.20719
0.199916	-0.0720699	-0.209686
0.200284	-0.0710151	-0.21215
0.200651	-0.0699058	-0.214579
0.201019	-0.068743	-0.216973
0.201386	-0.067528	-0.219331
0.201754	-0.066262	-0.22165
0.202121	-0.0649462	-0.22393
0.202489	-0.063582	-0.226168
0.202856	-0.0621706	-0.228365
0.203224	-0.0607134	-0.230519
0.203591	-0.0592118	-0.232628
0.203959	-0.0576672	-0.234692
0.204326	-0.056081	-0.236709
0.204694	-0.0544547	-0.238679
0.205061	-0.0527899	-0.2406
0.205429	-0.0510879	-0.242471
0.205796	-0.0493505	-0.244293
0.206164	-0.047579	-0.246062
0.206531	-0.0457752	-0.24778
0.206899	-0.0439406	-0.249445
0.207266	-0.0420768	-0.251057
0.207634	-0.0401854	-0.252615
0.208001	-0.0382682	-0.254117
0.208369	-0.0363267	-0.255565
0.208736	-0.0343626	-0.256957
0.209104	-0.0323777	-0.258292
0.209471	-0.0303736	-0.259571
0.209839	-0.0283519	-0.260793
0.210206	-0.0263145	-0.261957
0.210574	-0.0242629	-0.263064
0.210941	-0.022199	-0.264114
0.211309	-0.0201244	-0.265105
0.211676	-0.0180408	-0.266038
0.212044	-0.0159499	-0.266914
0.212411	-0.0138534	-0.267731
0.212779	-0.0117531	-0.26849
0.213146	-0.0096506	-0.269192
0.213514	-0.00754757	-0.269835
0.213881	-0.00544572	-0.270422
0.214249	-0.00334669	-0.27095
0.214616	-0.00125214	-0.271422
0.214984	0.0008363	-0.271837
0.215351	0.002917	-0.272196
0.215719	0.00498835	-0.272498
0.216086	0.00704877	-0.272746
0.216454	0.00909668	-0.272938
0.216821	0.0111305	-0.273076
0.217188	0.0131488	-0.273161
0.217556	0.01515	-0.273192
0.217923	0.0171326	-0.273171
0.218291	0.0190952	-0.273098
0.218658	0.0210363	-0.272974
0.219026	0.0229545	-0.272801
0.219393	0.0248485	-0.272578
0.219761	0.0267168	-0.272306
0.220128	0.0285583	-0.271988
0.220496	0.0303715	-0.271622
0.220863	0.0321553	-0.271212
0.221231	0.0339083	-0.270757
0.221598	0.0356295	-0.270258
0.221966	0.0373176	-0.269718
0.222333	0.0389716	-0.269136
0.222701	0.0405904	-0.268514
0.223068	0.0421728	-0.267853
0.223436	0.043718	-0.267155
0.223803	0.0452249	-0.26642
0.224171	0.0466925	-0.26565
0.224538	0.0481201	-0.264847
0.224906	0.0495068	-0.264011
0.225273	0.0508517	-0.263143
0.225641	0.0521541	-0.262246
0.226008	0.0534133	-0.26132
0.226376	0.0546285	-0.260367
0.226743	0.0557991	-0.259389
0.227111	0.0569246	-0.258386
0.227478	0.0580043	-0.25736
0.227846	0.0590379	-0.256313
0.228213	0.0600247	-0.255246
0.228581	0.0609644	-0.25416
0.228948	0.0618565	-0.253057
0.229316	0.0627009	-0.251939
0.229683	0.0634971	-0.250806
0.230051	0.0642449	-0.249661
0.230418	0.0649442	-0.248504
0.230786	0.0655947	-0.247338
0.231153	0.0661963	-0.246164
0.231521	0.066749	-0.244982
0.231888	0.0672528	-0.243796
0.232256	0.0677077	-0.242606
0.232623	0.0681137	-0.241413
0.232991	0.0684709	-0.24022
0.233358	0.0687795	-0.239027
0.233726	0.0690397	-0.237837
0.234093	0.0692517	-0.23665
0.234461	0.0694158	-0.235467
0.234828	0.0695323	-0.234292
0.235196	0.0696016	-0.233123
0.235563	0.069624	-0.231964
0.235931	0.0696	-0.230816
0.236298	0.0695301	-0.229679
0.236666	0.0694148	-0.228555
0.237033	0.0692546	-0.227446
0.237401	0.0690501	-0.226353
0.237768	0.068802	-0.225277
0.238136	0.068511	-0.224219
0.238503	0.0681776	-0.22318
0.238871	0.0678027	-0.222163
0.239238	0.067387	-0.221167
0.239606	0.0669314	-0.220194
0.239973	0.0664365	-0.219245
0.240341	0.0659034	-0.218322
0.240708	0.0653329	-0.217424
0.241076	0.0647258	-0.216555
0.241443	0.0640833	-0.215713
0.241811	0.0634062	-0.214901
0.242178	0.0626955	-0.214119
0.242546	0.0619522	-0.213368
0.242913	0.0611775	-0.21265
0.243281	0.0603723	-0.211964
0.243648	0.0595378	-0.211311
0.244015	0.0586751	-0.210694
0.244383	0.0577853	-0.210111
0.24475	0.0568696	-0.209564
0.245118	0.0559291	-0.209054
0.245485	0.054965	-0.208581
0.245853	0.0539785	-0.208145
0.24622	0.0529709	-0.207748
0.246588	0.0519433	-0.20739
0.246955	0.050897	-0.207071
0.247323	0.0498333	-0.206791
0.24769	0.0487533	-0.206552
0.248058	0.0476584	-0.206353
0.248425	0.0465498	-0.206195
0.248793	0.0454289	-0.206078
0.24916	0.0442968	-0.206002
0.249528	0.0431549	-0.205967
0.249895	0.0420044	-0.205974
0.250263	0.0408467	-0.206023
0.25063	0.039683	-0.206114
0.250998	0.0385146	-0.206246
0.251365	0.0373428	-0.206421
0.251733	0.0361689	-0.206637
0.2521	0.0349941	-0.206895
0.252468	0.0338197	-0.207194
0.252835	0.032647	-0.207535
0.253203	0.0314772	-0.207918
0.25357	0.0303115	-0.208341
0.253938	0.0291512	-0.208805
0.254305	0.0279976	-0.20931
0.254673	0.0268517	-0.209855
0.25504	0.0257149	-0.210439
0.255408	0.0245882	-0.211063
0.255775	0.0234728	-0.211726
0.256143	0.02237	-0.212427
0.25651	0.0212807	-0.213167
0.256878	0.0202061	-0.213943
0.257245	0.0191474	-0.214757
0.257613	0.0181055	-0.215607
0.25798	0.0170815	-0.216492
0.258348	0.0160765	-0.217413
0.258715	0.0150914	-0.218367
0.259083	0.0141272	-0.219355
0.25945	0.0131849	-0.220376
0.259818	0.0122653	-0.221429
0.260185	0.0113694	-0.222514
0.260553	0.0104981	-0.223628
0.26092	0.00965219	-0.224772
0.261288	0.00883248	-0.225945
0.261655	0.00803978	-0.227145
0.262023	0.00727484	-0.228373
0.26239	0.00653837	-0.229626
0.262758	0.0058311	-0.230904
0.263125	0.00515366	-0.232207
0.263493	0.00450671	-0.233532
0.26386	0.00389084	-0.234879
0.264228	0.00330662	-0.236247
0.264595	0.00275458	-0.237636
0.264963	0.00223523	-0.239042
0.26533	0.00174904	-0.240467
0.265698	0.00129645	-0.241909
0.266065	0.000877846	-0.243366
0.266433	0.000493606	-0.244838
0.2668	0.000144061	-0.246323
0.267168	-0.000170491	-0.247821
0.267535	-0.000449788	-0.249329
0.267903	-0.000693601	-0.250848
0.26827	-0.000901736	-0.252376
0.268638	-0.00107403	-0.253912
0.269005	-0.00121037	-0.255454
0.269373	-0.00131066	-0.257002
0.26974	-0.00137485	-0.258555
0.270108	-0.00140291	-0.260111
0.270475	-0.00139487	-0.261669
0.270843	-0.00135077	-0.263228
0.27121	-0.00127069	-0.264787
0.271577	-0.00115476	-0.266345
0.271945	-0.00100312	-0.267901
0.272312	-0.000815967	-0.269454
0.27268	-0.000593508	-0.271002
0.273047	-0.000335996	-0.272544
0.273415	-4.37146e-05	-0.274081
0.273782	0.000283021	-0.275609
0.27415	0.000643864	-0.277129
0.274517	0.00103844	-0.278639
0.274885	0.00146633	-0.280138
0.275252	0.00192711	-0.281626
0.27562	0.00242031	-0.283101
0.275987	0.00294543	-0.284562
0.276355	0.00350194	-0.286009
0.276722	0.00408929	-0.28744
0.27709	0.00470691	-0.288855
0.277457	0.00535419	-0.290252
0.277825	0.00603048	-0.291631
0.278192	0.00673515	-0.292991
0.27856	0.0074675	-0.294331
0.278927	0.00822683	-0.295651
0.279295	0.00901241	-0.296949
0.279662	0.00982349	-0.298224
0.28003	0.0106593	-0.299477
0.280397	0.0115191	-0.300706
0.280765	0.0124019	-0.301911
0.281132	0.0133071	-0.303091
0.2815	0.0142337	-0.304245
0.281867	0.015181	-0.305373
0.282235	0.0161479	-0.306474
0.282602	0.0171336	-0.307547
0.28297	0.0181372	-0.308593
0.283337	0.0191577	-0.309611
0.283705	0.0201943	-0.310599
0.284072	0.021246	-0.311559
0.28444	0.0223118	-0.312489
0.284807	0.0233908	-0.313388
0.285175	0.0244819	-0.314258
0.285542	0.0255842	-0.315097
0.28591	0.0266967	-0.315905
0.286277	0.0278184	-0.316682
0.286645	0.0289482	-0.317427
0.287012	0.0300853	-0.318141
0.28738	0.0312285	-0.318823
0.287747	0.0323769	-0.319474
0.288115	0.0335294	-0.320093
0.288482	0.034685	-0.320679
0.28885	0.0358428	-0.321234
0.289217	0.0370016	-0.321757
0.289585	0.0381605	-0.322248
0.289952	0.0393185	-0.322707
0.29032	0.0404746	-0.323134
0.290687	0.0416277	-0.32353
0.291055	0.0427769	-0.323894
0.291422	0.0439212	-0.324227
0.29179	0.0450597	-0.324529
0.292157	0.0461913	-0.3248
0.292525	0.0473151	-0.325041
0.292892	0.0484302	-0.325251
0.29326	0.0495356	-0.325432
0.293627	0.0506304	-0.325583
0.293995	0.0517137	-0.325705
0.294362	0.0527846	-0.325799
0.29473	0.0538421	-0.325864
0.295097	0.0548856	-0.325901
0.295465	0.055914	-0.325911
0.295832	0.0569266	-0.325894
0.2962	0.0579226	-0.325851
0.296567	0.0589011	-0.325783
0.296935	0.0598614	-0.325689
0.297302	0.0608027	-0.325571
0.29767	0.0617243	-0.325429
0.298037	0.0626255	-0.325264
0.298404	0.0635055	-0.325076
0.298772	0.0643638	-0.324866
0.299139	0.0651996	-0.324636
0.299507	0.0660123	-0.324385
0.299874	0.0668013	-0.324115
0.300242	0.0675661	-0.323825
0.300609	0.0683061	-0.323518
0.300977	0.0690207	-0.323193
0.301344	0.0697095	-0.322852
0.301712	0.0703719	-0.322496
0.302079	0.0710076	-0.322124
0.302447	0.071616	-0.321739
0.302814	0.0721968	-0.32134
0.303182	0.0727497	-0.32093
0.303549	0.0732742	-0.320508
0.303917	0.0737701	-0.320075
0.304284	0.0742371	-0.319633
0.304652	0.0746748	-0.319182
0.305019	0.0750831	-0.318724
0.305387	0.0754618	-0.318259
0.305754	0.0758106	-0.317788
0.306122	0.0761295	-0.317312
0.306489	0.0764182	-0.316832
0.306857	0.0766768	-0.316348
0.307224	0.0769051	-0.315863
0.307592	0.0771031	-0.315376
0.307959	0.0772708	-0.314889
0.308327	0.0774082	-0.314402
0.308694	0.0775153	-0.313917
0.309062	0.0775922	-0.313434
0.309429	0.0776391	-0.312955
0.309797	0.077656	-0.31248
0.310164	0.0776431	-0.31201
0.310532	0.0776006	-0.311546
0.310899	0.0775286	-0.311088
0.311267	0.0774275	-0.310639
0.311634	0.0772974	-0.310198
0.312002	0.0771387	-0.309767
0.312369	0.0769517	-0.309346
0.312737	0.0767367	-0.308937
0.313104	0.076494	-0.308539
0.313472	0.0762241	-0.308154
0.313839	0.0759272	-0.307783
0.314207	0.075604	-0.307426
0.314574	0.0752548	-0.307084
0.314942	0.0748801	-0.306759
0.315309	0.0744804	-0.30645
0.315677	0.0740561	-0.306158
0.316044	0.0736079	-0.305884
0.316412	0.0731363	-0.30563
0.316779	0.0726419	-0.305394
0.317147	0.0721252	-0.305179
0.317514	0.0715869	-0.304985
0.317882	0.0710276	-0.304812
0.318249	0.0704479	-0.30466
0.318617	0.0698485	-0.304532
0.318984	0.0692301	-0.304426
0.319352	0.0685934	-0.304344
0.319719	0.067939	-0.304286
0.320087	0.0672677	-0.304253
0.320454	0.0665802	-0.304244
0.320822	0.0658772	-0.304261
0.321189	0.0651596	-0.304304
0.321557	0.064428	-0.304374
0.321924	0.0636833	-0.304469
0.322292	0.0629262	-0.304592
0.322659	0.0621575	-0.304742
0.323027	0.061378	-0.30492
0.323394	0.0605885	-0.305125
0.323762	0.0597898	-0.305359
0.324129	0.0589827	-0.305621
0.324497	0.0581681	-0.305911
0.324864	0.0573467	-0.30623
0.325232	0.0565194	-0.306578
0.325599	0.055687	-0.306955
0.325966	0.0548504	-0.307361
0.326334	0.0540103	-0.307796
0.326701	0.0531676	-0.30826
0.327069	0.052323	-0.308753
0.327436	0.0514775	-0.309275
0.327804	0.0506319	-0.309826
0.328171	0.0497869	-0.310407
0.328539	0.0489434	-0.311016
0.328906	0.0481021	-0.311654
0.329274	0.047264	-0.312321
0.329641	0.0464297	-0.313017
0.330009	0.0456	-0.313741
0.330376	0.0447758	-0.314493
0.330744	0.0439578	-0.315273
0.331111	0.0431468	-0.316081
0.331479	0.0423435	-0.316917
0.331846	0.0415487	-0.317779
0.332214	0.040763	-0.318669
0.332581	0.0399873	-0.319585
0.332949	0.0392222	-0.320527
0.333316	0.0384684	-0.321496
0.333684	0.0377266	-0.322489
0.334051	0.0369974	-0.323508
0.334419	0.0362815	-0.324551
0.334786	0.0355796	-0.325619
0.335154	0.0348923	-0.32671
0.335521	0.0342201	-0.327824
0.335889	0.0335637	-0.328962
0.336256	0.0329236	-0.330121
0.336624	0.0323004	-0.331302
0.336991	0.0316946	-0.332504
0.337359	0.0311067	-0.333727
0.337726	0.0305373	-0.33497
0.338094	0.0299868	-0.336233
0.338461	0.0294556	-0.337514
0.338829	0.0289443	-0.338814
0.339196	0.0284532	-0.340131
0.339564	0.0279827	-0.341465
0.339931	0.0275333	-0.342815
0.340299	0.0271052	-0.344182
0.340666	0.0266988	-0.345563
0.341034	0.0263145	-0.346959
0.341401	0.0259524	-0.348368
0.341769	0.025613	-0.349791
0.342136	0.0252964	-0.351226
0.342504	0.0250029	-0.352673
0.342871	0.0247327	-0.35413
0.343239	0.0244859	-0.355598
0.343606	0.0242628	-0.357076
0.343974	0.0240635	-0.358562
0.344341	0.0238881	-0.360057
0.344709	0.0237366	-0.361559
0.345076	0.0236093	-0.363068
0.345444	0.023506	-0.364584
0.345811	0.023427	-0.366104
0.346179	0.0233721	-0.367629
0.346546	0.0233414	-0.369159
0.346914	0.0233348	-0.370691
0.347281	0.0233524	-0.372226
0.347649	0.0233939	-0.373763
0.348016	0.0234593	-0.375302
0.348384	0.0235486	-0.376841
0.348751	0.0236615	-0.37838
0.349119	0.023798	-0.379918
0.349486	0.0239577	-0.381454
0.349854	0.0241407	-0.382989
0.350221	0.0243465	-0.384521
0.350589	0.0245751	-0.38605
0.350956	0.0248261	-0.387574
0.351324	0.0250993	-0.389094
0.351691	0.0253943	-0.390609
0.352059	0.025711	-0.392119
0.352426	0.0260489	-0.393622
0.352793	0.0264078	-0.395118
0.353161	0.0267873	-0.396607
0.353528	0.0271869	-0.398088
0.353896	0.0276064	-0.39956
0.354263	0.0280453	-0.401023
0.354631	0.0285032	-0.402477
0.354998	0.0289797	-0.403921
0.355366	0.0294744	-0.405355
0.355733	0.0299867	-0.406778
0.356101	0.0305163	-0.408189
0.356468	0.0310627	-0.409589
0.356836	0.0316253	-0.410977
0.357203	0.0322036	-0.412352
0.357571	0.0327973	-0.413714
0.357938	0.0334057	-0.415064
0.358306	0.0340283	-0.4164
0.358673	0.0346646	-0.417722
0.359041	0.0353141	-0.419029
0.359408	0.0359761	-0.420323
0.359776	0.0366502	-0.421602
0.360143	0.0373358	-0.422866
0.360511	0.0380324	-0.424115
0.360878	0.0387393	-0.425349
0.361246	0.0394559	-0.426567
0.361613	0.0401818	-0.42777
0.361981	0.0409164	-0.428957
0.362348	0.0416589	-0.430128
0.362716	0.042409	-0.431284
0.363083	0.0431659	-0.432423
0.363451	0.0439292	-0.433546
0.363818	0.0446981	-0.434653
0.364186	0.0454723	-0.435744
0.364553	0.0462509	-0.436818
0.364921	0.0470336	-0.437877
0.365288	0.0478197	-0.438919
0.365656	0.0486087	-0.439945
0.366023	0.0493999	-0.440955
0.366391	0.0501928	-0.44195
0.366758	0.0509869	-0.442928
0.367126	0.0517816	-0.443891
0.367493	0.0525764	-0.444838
0.367861	0.0533707	-0.44577
0.368228	0.054164	-0.446686
0.368596	0.0549557	-0.447588
0.368963	0.0557455	-0.448474
0.369331	0.0565327	-0.449346
0.369698	0.0573168	-0.450204
0.370066	0.0580974	-0.451047
0.370433	0.058874	-0.451877
0.370801	0.0596462	-0.452693
0.371168	0.0604134	-0.453496
0.371536	0.0611752	-0.454285
0.371903	0.0619313	-0.455062
0.372271	0.0626811	-0.455827
0.372638	0.0634244	-0.45658
0.373006	0.0641606	-0.457321
0.373373	0.0648894	-0.458051
0.373741	0.0656104	-0.45877
0.374108	0.0663233	-0.459478
0.374476	0.0670278	-0.460177
0.374843	0.0677236	-0.460866
0.375211	0.0684102	-0.461545
0.375578	0.0690875	-0.462216
0.375946	0.0697551	-0.462878
0.376313	0.0704128	-0.463533
0.376681	0.0710604	-0.46418
0.377048	0.0716975	-0.46482
0.377416	0.0723241	-0.465453
0.377783	0.0729399	-0.46608
0.378151	0.0735447	-0.466702
0.378518	0.0741384	-0.467319
0.378886	0.0747208	-0.467931
0.379253	0.0752917	-0.468538
0.37962	0.0758512	-0.469143
0.379988	0.076399	-0.469744
0.380355	0.0769351	-0.470342
0.380723	0.0774594	-0.470938
0.38109	0.0779719	-0.471532
0.381458	0.0784726	-0.472125
0.381825	0.0789614	-0.472718
0.382193	0.0794383	-0.47331
0.38256	0.0799034	-0.473902
0.382928	0.0803567	-0.474496
0.383295	0.0807982	-0.47509
0.383663	0.081228	-0.475686
0.38403	0.0816462	-0.476285
0.384398	0.082053	-0.476886
0.384765	0.0824483	-0.47749
0.385133	0.0828324	-0.478098
0.3855	0.0832054	-0.478709
0.385868	0.0835674	-0.479326
0.386235	0.0839187	-0.479947
0.386603	0.0842594	-0.480573
0.38697	0.0845897	-0.481206
0.387338	0.0849098	-0.481844
0.387705	0.08522	-0.48249
0.388073	0.0855206	-0.483142
0.38844	0.0858117	-0.483802
0.388808	0.0860936	-0.484469
0.389175	0.0863667	-0.485145
0.389543	0.0866312	-0.485829
0.38991	0.0868874	-0.486522
0.390278	0.0871357	-0.487224
0.390645	0.0873763	-0.487936
0.391013	0.0876096	-0.488657
0.39138	0.087836	-0.489389
0.391748	0.0880558	-0.490131
0.392115	0.0882694	-0.490884
0.392483	0.0884771	-0.491648
0.39285	0.0886794	-0.492423
0.393218	0.0888765	-0.49321
0.393585	0.089069	-0.494008
0.393953	0.0892572	-0.494818
0.39432	0.0894415	-0.49564
0.394688	0.0896223	-0.496475
0.395055	0.0898001	-0.497322
0.395423	0.0899752	-0.498181
0.39579	0.0901482	-0.499053
0.396158	0.0903194	-0.499938
0.396525	0.0904892	-0.500835
0.396893	0.0906582	-0.501746
0.39726	0.0908267	-0.50267
0.397628	0.0909951	-0.503607
0.397995	0.091164	-0.504557
0.398363	0.0913337	-0.50552
0.39873	0.0915047	-0.506496
0.399098	0.0916774	-0.507486
0.399465	0.0918523	-0.508489
0.399833	0.0920297	-0.509505
0.4002	0.0922102	-0.510533
0.400568	0.0923942	-0.511575
0.400935	0.0925821	-0.51263
0.401303	0.0927742	-0.513698
0.40167	0.0929711	-0.514778
0.402038	0.0931732	-0.515871
0.402405	0.0933808	-0.516977
0.402773	0.0935943	-0.518094
0.40314	0.0938142	-0.519224
0.403508	0.0940408	-0.520366
0.403875	0.0942746	-0.521519
0.404243	0.0945158	-0.522684
0.40461	0.0947649	-0.52386
0.404978	0.0950222	-0.525048
0.405345	0.0952881	-0.526246
0.405713	0.0955629	-0.527455
0.40608	0.0958469	-0.528674
0.406448	0.0961405	-0.529903
0.406815	0.096444	-0.531142
0.407182	0.0967576	-0.53239
0.40755	0.0970817	-0.533647
0.407917	0.0974165	-0.534914
0.408285	0.0977623	-0.536188
0.408652	0.0981193	-0.537471
0.40902	0.0984878	-0.538762
0.409387	0.0988681	-0.54006
0.409755	0.0992602	-0.541364
0.410122	0.0996645	-0.542676
0.41049	0.100081	-0.543994
0.410857	0.10051	-0.545318
0.411225	0.100952	-0.546647
0.411592	0.101406	-0.547982
0.41196	0.101874	-0.549321
0.412327	0.102354	-0.550664
0.412695	0.102848	-0.552012
0.413062	0.103355	-0.553363
0.41343	0.103875	-0.554716
0.413797	0.104408	-0.556073
0.414165	0.104955	-0.557432
0.414532	0.105515	-0.558792
0.4149	0.106089	-0.560154
0.415267	0.106676	-0.561517
0.415635	0.107276	-0.56288
0.416002	0.10789	-0.564244
0.41637	0.108517	-0.565607
0.416737	0.109157	-0.56697
0.417105	0.109811	-0.568331
0.417472	0.110477	-0.56969
0.41784	0.111156	-0.571048
0.418207	0.111849	-0.572403
0.418575	0.112554	-0.573756
0.418942	0.113271	-0.575105
0.41931	0.114001	-0.57645
0.419677	0.114743	-0.577792
0.420045	0.115497	-0.579129
0.420412	0.116262	-0.580462
0.42078	0.117039	-0.581789
0.421147	0.117828	-0.583111
0.421515	0.118627	-0.584427
0.421882	0.119437	-0.585736
0.42225	0.120258	-0.58704
0.422617	0.121089	-0.588336
0.422985	0.121929	-0.589625
0.423352	0.12278	-0.590907
0.42372	0.123639	-0.592181
0.424087	0.124507	-0.593447
0.424455	0.125384	-0.594704
0.424822	0.126269	-0.595953
0.42519	0.127162	-0.597193
0.425557	0.128062	-0.598424
0.425925	0.128969	-0.599646
0.426292	0.129882	-0.600858
0.42666	0.130802	-0.60206
0.427027	0.131728	-0.603253
0.427395	0.132659	-0.604435
0.427762	0.133594	-0.605607
0.42813	0.134535	-0.606769
0.428497	0.135479	-0.607921
0.428865	0.136427	-0.609061
0.429232	0.137378	-0.610191
0.4296	0.138331	-0.611311
0.429967	0.139287	-0.612419
0.430335	0.140244	-0.613516
0.430702	0.141203	-0.614603
0.43107	0.142162	-0.615679
0.431437	0.143122	-0.616743
0.431805	0.144081	-0.617797
0.432172	0.14504	-0.61884
0.43254	0.145997	-0.619872
0.432907	0.146953	-0.620893
0.433275	0.147906	-0.621904
0.433642	0.148857	-0.622904
0.434009	0.149805	-0.623893
0.434377	0.150749	-0.624872
0.434744	0.151689	-0.625841
0.435112	0.152624	-0.6268
0.435479	0.153554	-0.62775
0.435847	0.154479	-0.628689
0.436214	0.155398	-0.629619
0.436582	0.15631	-0.63054
0.436949	0.157215	-0.631452
0.437317	0.158113	-0.632356
0.437684	0.159003	-0.633251
0.438052	0.159885	-0.634138
0.438419	0.160758	-0.635017
0.438787	0.161622	-0.635889
0.439154	0.162476	-0.636754
0.439522	0.163321	-0.637612
0.439889	0.164155	-0.638463
0.440257	0.164979	-0.639309
0.440624	0.165791	-0.640149
0.440992	0.166592	-0.640984
0.441359	0.167382	-0.641814
0.441727	0.168159	-0.64264
0.442094	0.168924	-0.643463
0.442462	0.169676	-0.644281
0.442829	0.170415	-0.645098
0.443197	0.17114	-0.645911
0.443564	0.171852	-0.646723
0.443932	0.17255	-0.647533
0.444299	0.173234	-0.648343
0.444667	0.173904	-0.649152
0.445034	0.174559	-0.649962
0.445402	0.175199	-0.650772
0.445769	0.175824	-0.651584
0.446137	0.176434	-0.652398
0.446504	0.177029	-0.653214
0.446872	0.177609	-0.654034
0.447239	0.178173	-0.654857
0.447607	0.178721	-0.655684
0.447974	0.179254	-0.656517
0.448342	0.179771	-0.657354
0.448709	0.180272	-0.658198
0.449077	0.180757	-0.659049
0.449444	0.181226	-0.659907
0.449812	0.18168	-0.660774
0.450179	0.182118	-0.661649
0.450547	0.18254	-0.662533
0.450914	0.182946	-0.663427
0.451282	0.183337	-0.664331
0.451649	0.183712	-0.665247
0.452017	0.184071	-0.666175
0.452384	0.184416	-0.667115
0.452752	0.184745	-0.668068
0.453119	0.18506	-0.669035
0.453487	0.18536	-0.670016
0.453854	0.185645	-0.671013
0.454222	0.185916	-0.672024
0.454589	0.186173	-0.673052
0.454957	0.186416	-0.674097
0.455324	0.186646	-0.67516
0.455692	0.186862	-0.67624
0.456059	0.187066	-0.677339
0.456427	0.187257	-0.678457
0.456794	0.187436	-0.679595
0.457162	0.187604	-0.680754
0.457529	0.18776	-0.681933
0.457897	0.187905	-0.683134
0.458264	0.188039	-0.684357
0.458632	0.188164	-0.685603
0.458999	0.188279	-0.686872
0.459367	0.188384	-0.688164
0.459734	0.188481	-0.689481
0.460102	0.18857	-0.690822
0.460469	0.188652	-0.692188
0.460837	0.188726	-0.69358
0.461204	0.188794	-0.694998
0.461571	0.188856	-0.696443
0.461939	0.188913	-0.697914
0.462306	0.188965	-0.699413
0.462674	0.189013	-0.70094
0.463041	0.189057	-0.702494
0.463409	0.189098	-0.704077
0.463776	0.189138	-0.705689
0.464144	0.189175	-0.707331
0.464511	0.189212	-0.709001
0.464879	0.189249	-0.710702
0.465246	0.189286	-0.712432
0.465614	0.189324	-0.714193
0.465981	0.189364	-0.715984
0.466349	0.189406	-0.717807
0.466716	0.189452	-0.71966
0.467084	0.189502	-0.721545
0.467451	0.189557	-0.723461
0.467819	0.189617	-0.725408
0.468186	0.189683	-0.727387
0.468554	0.189757	-0.729398
0.468921	0.189838	-0.731441
0.469289	0.189928	-0.733516
0.469656	0.190027	-0.735623
0.470024	0.190136	-0.737762
0.470391	0.190256	-0.739934
0.470759	0.190387	-0.742137
0.471126	0.190531	-0.744372
0.471494	0.190688	-0.74664
0.471861	0.190859	-0.748939
0.472229	0.191044	-0.751271
0.472596	0.191245	-0.753634
0.472964	0.191462	-0.756028
0.473331	0.191696	-0.758455
0.473699	0.191948	-0.760912
0.474066	0.192218	-0.763401
0.474434	0.192508	-0.765921
0.474801	0.192817	-0.768472
0.475169	0.193148	-0.771053
0.475536	0.193499	-0.773665
0.475904	0.193873	-0.776306
0.476271	0.19427	-0.778977
0.476639	0.19469	-0.781678
0.477006	0.195135	-0.784407
0.477374	0.195605	-0.787166
0.477741	0.1961	-0.789952
0.478109	0.196622	-0.792767
0.478476	0.197171	-0.795609
0.478844	0.197748	-0.798478
0.479211	0.198353	-0.801374
0.479579	0.198987	-0.804296
0.479946	0.19965	-0.807244
0.480314	0.200344	-0.810217
0.480681	0.201069	-0.813215
0.481049	0.201825	-0.816238
0.481416	0.202614	-0.819283
0.481784	0.203434	-0.822353
0.482151	0.204288	-0.825444
0.482519	0.205176	-0.828558
0.482886	0.206097	-0.831693
0.483254	0.207054	-0.83485
0.483621	0.208045	-0.838026
0.483989	0.209072	-0.841222
0.484356	0.210135	-0.844437
0.484724	0.211235	-0.847671
0.485091	0.212371	-0.850922
0.485459	0.213544	-0.85419
0.485826	0.214756	-0.857475
0.486194	0.216005	-0.860775
0.486561	0.217292	-0.864091
0.486929	0.218619	-0.867421
0.487296	0.219984	-0.870764
0.487664	0.221388	-0.874121
0.488031	0.222832	-0.877489
0.488398	0.224316	-0.88087
0.488766	0.225839	-0.884261
0.489133	0.227403	-0.887662
0.489501	0.229007	-0.891073
0.489868	0.230652	-0.894492
0.490236	0.232338	-0.897919
0.490603	0.234064	-0.901354
0.490971	0.235831	-0.904795
0.491338	0.237639	-0.908241
0.491706	0.239489	-0.911693
0.492073	0.241379	-0.915149
0.492441	0.243311	-0.918609
0.492808	0.245284	-0.922071
0.493176	0.247298	-0.925536
0.493543	0.249353	-0.929002
0.493911	0.251449	-0.932469
0.494278	0.253587	-0.935935
0.494646	0.255765	-0.939401
0.495013	0.257984	-0.942866
0.495381	0.260244	-0.946329
0.495748	0.262544	-0.949789
0.496116	0.264885	-0.953245
0.496483	0.267267	-0.956697
0.496851	0.269688	-0.960145
0.497218	0.272149	-0.963587
0.497586	0.27465	-0.967023
0.497953	0.277191	-0.970453
0.498321	0.27977	-0.973875
0.498688	0.282389	-0.977289
0.499056	0.285046	-0.980695
0.499423	0.287741	-0.984091
0.499791	0.290474	-0.987479
0.500158	0.293245	-0.990855
0.500526	0.296054	-0.994221
0.500893	0.298899	-0.997576
0.501261	0.301781	-1.00092
0.501628	0.304699	-1.00425
0.501996	0.307653	-1.00757
0.502363	0.310642	-1.01087
0.502731	0.313667	-1.01416
0.503098	0.316725	-1.01744
0.503466	0.319819	-1.0207
0.503833	0.322945	-1.02395
0.504201	0.326105	-1.02718
0.504568	0.329298	-1.0304
0.504936	0.332523	-1.0336
0.505303	0.33578	-1.03678
0.505671	0.339068	-1.03995
0.506038	0.342387	-1.0431
0.506406	0.345737	-1.04623
0.506773	0.349116	-1.04934
0.507141	0.352525	-1.05244
0.507508	0.355962	-1.05552
0.507876	0.359428	-1.05858
0.508243	0.362922	-1.06162
0.508611	0.366443	-1.06464
0.508978	0.369991	-1.06765
0.509346	0.373565	-1.07063
0.509713	0.377165	-1.0736
0.510081	0.38079	-1.07655
0.510448	0.38444	-1.07948
0.510816	0.388114	-1.08238
0.511183	0.391812	-1.08527
0.511551	0.395533	-1.08814
0.511918	0.399277	-1.09099
0.512286	0.403043	-1.09382
0.512653	0.406831	-1.09664
0.513021	0.41064	-1.09943
0.513388	0.41447	-1.1022
0.513756	0.41832	-1.10496
0.514123	0.42219	-1.10769
0.514491	0.42608	-1.11041
0.514858	0.429988	-1.11311
0.515225	0.433915	-1.11579
0.515593	0.43786	-1.11845
0.51596	0.441823	-1.12109
0.516328	0.445803	-1.12372
0.516695	0.4498	-1.12632
0.517063	0.453813	-1.12891
0.51743	0.457843	-1.13149
0.517798	0.461888	-1.13404
0.518165	0.465949	-1.13658
0.518533	0.470024	-1.1391
0.5189	0.474115	-1.14161
0.519268	0.47822	-1.1441
0.519635	0.48234	-1.14658
0.520003	0.486473	-1.14904
0.52037	0.49062	-1.15148
0.520738	0.494781	-1.15391
0.521105	0.498955	-1.15633
0.521473	0.503142	-1.15874
0.52184	0.507342	-1.16113
0.522208	0.511554	-1.16351
0.522575	0.51578	-1.16587
0.522943	0.520018	-1.16823
0.52331	0.524268	-1.17057
0.523678	0.528531	-1.1729
0.524045	0.532806	-1.17522
0.524413	0.537093	-1.17753
0.52478	0.541392	-1.17983
0.525148	0.545704	-1.18213
0.525515	0.550028	-1.18441
0.525883	0.554364	-1.18669
0.52625	0.558713	-1.18895
0.526618	0.563074	-1.19121
0.526985	0.567447	-1.19347
0.527353	0.571834	-1.19571
0.52772	0.576233	-1.19796
0.528088	0.580646	-1.20019
0.528455	0.585071	-1.20242
0.528823	0.589511	-1.20465
0.52919	0.593964	-1.20687
0.529558	0.598431	-1.20909
0.529925	0.602912	-1.2113
0.530293	0.607408	-1.21352
0.53066	0.611919	-1.21573
0.531028	0.616445	-1.21794
0.531395	0.620987	-1.22014
0.531763	0.625546	-1.22235
0.53213	0.63012	-1.22455
0.532498	0.634712	-1.22676
0.532865	0.639321	-1.22897
0.533233	0.643948	-1.23117
0.5336	0.648594	-1.23338
0.533968	0.653258	-1.23559
0.534335	0.657943	-1.23779
0.534703	0.662647	-1.24001
0.53507	0.667372	-1.24222
0.535438	0.672118	-1.24443
0.535805	0.676886	-1.24665
0.536173	0.681677	-1.24887
0.53654	0.686491	-1.2511
0.536908	0.691329	-1.25333
0.537275	0.696192	-1.25556
0.537643	0.70108	-1.25779
0.53801	0.705994	-1.26003
0.538378	0.710935	-1.26227
0.538745	0.715904	-1.26452
0.539113	0.720901	-1.26677
0.53948	0.725927	-1.26902
0.539848	0.730983	-1.27128
0.540215	0.73607	-1.27355
0.540583	0.741189	-1.27581
0.54095	0.74634	-1.27809
0.541318	0.751524	-1.28036
0.541685	0.756743	-1.28264
0.542053	0.761997	-1.28492
0.54242	0.767286	-1.28721
0.542787	0.772613	-1.2895
0.543155	0.777977	-1.2918
0.543522	0.78338	-1.29409
0.54389	0.788823	-1.29639
0.544257	0.794306	-1.2987
0.544625	0.79983	-1.301
0.544992	0.805397	-1.30331
0.54536	0.811007	-1.30562
0.545727	0.816661	-1.30793
0.546095	0.822361	-1.31024
0.546462	0.828106	-1.31255
0.54683	0.833898	-1.31486
0.547197	0.839739	-1.31717
0.547565	0.845628	-1.31948
0.547932	0.851567	-1.32178
0.5483	0.857557	-1.32409
0.548667	0.863598	-1.32639
0.549035	0.869692	-1.32869
0.549402	0.875839	-1.33098
0.54977	0.882041	-1.33327
0.550137	0.888298	-1.33555
0.550505	0.894611	-1.33782
0.550872	0.900981	-1.34009
0.55124	0.907408	-1.34234
0.551607	0.913895	-1.34459
0.551975	0.920441	-1.34683
0.552342	0.927047	-1.34906
0.55271	0.933714	-1.35127
0.553077	0.940444	-1.35347
0.553445	0.947236	-1.35566
0.553812	0.954091	-1.35783
0.55418	0.961011	-1.35998
0.554547	0.967996	-1.36211
0.554915	0.975046	-1.36423
0.555282	0.982162	-1.36633
0.55565	0.989346	-1.3684
0.556017	0.996597	-1.37045
0.556385	1.00392	-1.37248
0.556752	1.0113	-1.37448
0.55712	1.01876	-1.37646
0.557487	1.02629	-1.37841
0.557855	1.03389	-1.38032
0.558222	1.04155	-1.38221
0.55859	1.04929	-1.38407
0.558957	1.05711	-1.38589
0.559325	1.06499	-1.38767
0.559692	1.07295	-1.38942
0.56006	1.08098	-1.39113
0.560427	1.08908	-1.3928
0.560795	1.09725	-1.39443
0.561162	1.1055	-1.39602
0.56153	1.11383	-1.39756
0.561897	1.12222	-1.39905
0.562265	1.13069	-1.4005
0.562632	1.13924	-1.40189
0.563	1.14786	-1.40324
0.563367	1.15655	-1.40453
0.563735	1.16532	-1.40577
0.564102	1.17416	-1.40695
0.56447	1.18308	-1.40807
0.564837	1.19207	-1.40913
0.565205	1.20113	-1.41014
0.565572	1.21027	-1.41107
0.56594	1.21948	-1.41194
0.566307	1.22877	-1.41275
0.566675	1.23812	-1.41348
0.567042	1.24755	-1.41415
0.56741	1.25705	-1.41474
0.567777	1.26662	-1.41526
0.568145	1.27627	-1.4157
0.568512	1.28598	-1.41606
0.56888	1.29576	-1.41634
0.569247	1.30561	-1.41655
0.569614	1.31553	-1.41666
0.569982	1.32552	-1.4167
0.570349	1.33558	-1.41664
0.570717	1.3457	-1.4165
0.571084	1.35588	-1.41626
0.571452	1.36613	-1.41593
0.571819	1.37645	-1.41551
0.572187	1.38682	-1.41499
0.572554	1.39726	-1.41438
0.572922	1.40776	-1.41366
0.573289	1.41831	-1.41285
0.573657	1.42893	-1.41192
0.574024	1.4396	-1.4109
0.574392	1.45032	-1.40977
0.574759	1.4611	-1.40853
0.575127	1.47193	-1.40718
0.575494	1.48282	-1.40571
0.575862	1.49375	-1.40414
0.576229	1.50473	-1.40245
0.576597	1.51576	-1.40064
0.576964	1.52683	-1.39872
0.577332	1.53795	-1.39667
0.577699	1.54911	-1.3945
0.578067	1.56031	-1.39222
0.578434	1.57155	-1.3898
0.578802	1.58282	-1.38726
0.579169	1.59413	-1.3846
0.579537	1.60547	-1.38181
0.579904	1.61685	-1.37888
0.580272	1.62825	-1.37583
0.580639	1.63968	-1.37264
0.581007	1.65113	-1.36932
0.581374	1.66261	-1.36587
0.581742	1.67411	-1.36228
0.582109	1.68563	-1.35855
0.582477	1.69716	-1.35468
0.582844	1.70871	-1.35068
0.583212	1.72027	-1.34653
0.583579	1.73184	-1.34225
0.583947	1.74342	-1.33782
0.584314	1.75501	-1.33325
0.584682	1.7666	-1.32853
0.585049	1.77819	-1.32367
0.585417	1.78977	-1.31867
0.585784	1.80136	-1.31352
0.586152	1.81293	-1.30822
0.586519	1.8245	-1.30278
0.586887	1.83606	-1.29719
0.587254	1.8476	-1.29145
0.587622	1.85913	-1.28556
0.587989	1.87063	-1.27952
0.588357	1.88212	-1.27333
0.588724	1.89358	-1.26699
0.589092	1.90502	-1.26051
0.589459	1.91642	-1.25387
0.589827	1.9278	-1.24708
0.590194	1.93914	-1.24014
0.590562	1.95044	-1.23305
0.590929	1.9617	-1.22581
0.591297	1.97292	-1.21842
0.591664	1.98409	-1.21088
0.592032	1.99522	-1.20319
0.592399	2.00629	-1.19535
0.592767	2.01731	-1.18736
0.593134	2.02828	-1.17922
0.593502	2.03919	-1.17093
0.593869	2.05003	-1.1625
0.594237	2.06081	-1.15391
0.594604	2.07153	-1.14518
0.594972	2.08217	-1.1363
0.595339	2.09274	-1.12728
0.595707	2.10324	-1.11811
0.596074	2.11366	-1.1088
0.596441	2.124	-1.09934
0.596809	2.13425	-1.08974
0.597176	2.14442	-1.08
0.597544	2.15451	-1.07012
0.597911	2.1645	-1.0601
0.598279	2.17439	-1.04994
0.598646	2.18419	-1.03965
0.599014	2.1939	-1.02921
0.599381	2.2035	-1.01865
0.599749	2.213	-1.00795
0.600116	2.22239	-0.997121
0.600484	2.23167	-0.986161
0.600851	2.24084	-0.975072
0.601219	2.2499	-0.963857
0.601586	2.25884	-0.952517
0.601954	2.26766	-0.941053
0.602321	2.27637	-0.929467
0.602689	2.28495	-0.917761
0.603056	2.2934	-0.905938
0.603424	2.30173	-0.893998
0.603791	2.30992	-0.881944
0.604159	2.31799	-0.869778
0.604526	2.32592	-0.857502
0.604894	2.33371	-0.845117
0.605261	2.34137	-0.832628
0.605629	2.34889	-0.820034
0.605996	2.35626	-0.807339
0.606364	2.36349	-0.794545
0.606731	2.37057	-0.781655
0.607099	2.37751	-0.76867
0.607466	2.38429	-0.755593
0.607834	2.39093	-0.742427
0.608201	2.39741	-0.729174
0.608569	2.40373	-0.715836
0.608936	2.4099	-0.702417
0.609304	2.41592	-0.688919
0.609671	2.42177	-0.675344
0.610039	2.42746	-0.661695
0.610406	2.43299	-0.647975
0.610774	2.43835	-0.634187
0.611141	2.44355	-0.620334
0.611509	2.44859	-0.606417
0.611876	2.45345	-0.592441
0.612244	2.45815	-0.578408
0.612611	2.46268	-0.56432
0.612979	2.46704	-0.550182
0.613346	2.47123	-0.535995
0.613714	2.47524	-0.521763
0.614081	2.47908	-0.507488
0.614449	2.48275	-0.493175
0.614816	2.48624	-0.478825
0.615184	2.48956	-0.464441
0.615551	2.4927	-0.450028
0.615919	2.49567	-0.435588
0.616286	2.49846	-0.421123
0.616654	2.50107	-0.406638
0.617021	2.50351	-0.392135
0.617389	2.50576	-0.377617
0.617756	2.50784	-0.363087
0.618124	2.50975	-0.348549
0.618491	2.51147	-0.334006
0.618859	2.51301	-0.31946
0.619226	2.51438	-0.304916
0.619594	2.51557	-0.290375
0.619961	2.51658	-0.275842
0.620329	2.51742	-0.261319
0.620696	2.51808	-0.246809
0.621064	2.51856	-0.232316
0.621431	2.51887	-0.217842
0.621799	2.519	-0.203391
0.622166	2.51895	-0.188966
0.622534	2.51873	-0.17457
0.622901	2.51834	-0.160206
0.623269	2.51777	-0.145876
0.623636	2.51704	-0.131585
0.624003	2.51613	-0.117335
0.624371	2.51505	-0.103128
0.624738	2.5138	-0.0889684
0.625106	2.51239	-0.0748586
0.625473	2.51081	-0.0608016
0.625841	2.50906	-0.0468002
0.626208	2.50715	-0.0328574
0.626576	2.50508	-0.0189758
0.626943	2.50284	-0.00515843
0.627311	2.50045	0.00859206
0.627678	2.49789	0.0222729
0.628046	2.49518	0.0358814
0.628413	2.49232	0.0494149
0.628781	2.4893	0.0628707
0.629148	2.48613	0.0762463
0.629516	2.48281	0.0895391
0.629883	2.47934	0.102747
0.630251	2.47573	0.115866
0.630618	2.47197	0.128896
0.630986	2.46807	0.141832
0.631353	2.46402	0.154674
0.631721	2.45984	0.167419
0.632088	2.45553	0.180064
0.632456	2.45108	0.192608
0.632823	2.4465	0.205047
0.633191	2.44179	0.217381
0.633558	2.43695	0.229606
0.633926	2.43199	0.241722
0.634293	2.42691	0.253726
0.634661	2.42171	0.265615
0.635028	2.41639	0.277389
0.635396	2.41095	0.289046
0.635763	2.40541	0.300584
0.636131	2.39975	0.312
0.636498	2.39399	0.323294
0.636866	2.38812	0.334465
0.637233	2.38215	0.345509
0.637601	2.37608	0.356427
0.637968	2.36992	0.367216
0.638336	2.36366	0.377876
0.638703	2.35732	0.388405
0.639071	2.35088	0.398802
0.639438	2.34436	0.409066
0.639806	2.33776	0.419195
0.640173	2.33108	0.42919
0.640541	2.32432	0.439048
0.640908	2.31749	0.448769
0.641276	2.31059	0.458352
0.641643	2.30362	0.467797
0.642011	2.29658	0.477103
0.642378	2.28949	0.486269
0.642746	2.28233	0.495294
0.643113	2.27512	0.504179
0.643481	2.26786	0.512922
0.643848	2.26055	0.521524
0.644216	2.25319	0.529984
0.644583	2.24578	0.538302
0.644951	2.23834	0.546477
0.645318	2.23086	0.554511
0.645686	2.22334	0.562402
0.646053	2.21579	0.570151
0.646421	2.20821	0.577758
0.646788	2.20061	0.585222
0.647156	2.19298	0.592546
0.647523	2.18533	0.599727
0.647891	2.17766	0.606768
0.648258	2.16998	0.613668
0.648626	2.16229	0.620429
0.648993	2.15459	0.627049
0.649361	2.14688	0.633531
0.649728	2.13917	0.639875
0.650096	2.13145	0.646081
0.650463	2.12374	0.652151
0.65083	2.11604	0.658085
0.651198	2.10834	0.663884
0.651565	2.10066	0.669549
0.651933	2.09298	0.675082
0.6523	2.08532	0.680483
0.652668	2.07768	0.685753
0.653035	2.07007	0.690894
0.653403	2.06247	0.695908
0.65377	2.0549	0.700794
0.654138	2.04736	0.705555
0.654505	2.03985	0.710193
0.654873	2.03237	0.714708
0.65524	2.02493	0.719102
0.655608	2.01752	0.723376
0.655975	2.01015	0.727534
0.656343	2.00283	0.731575
0.65671	1.99555	0.735502
0.657078	1.98832	0.739316
0.657445	1.98113	0.74302
0.657813	1.974	0.746614
0.65818	1.96691	0.750102
0.658548	1.95989	0.753485
0.658915	1.95291	0.756765
0.659283	1.946	0.759943
0.65965	1.93914	0.763023
0.660018	1.93235	0.766006
0.660385	1.92562	0.768893
0.660753	1.91895	0.771689
0.66112	1.91235	0.774393
0.661488	1.90582	0.777009
0.661855	1.89936	0.77954
0.662223	1.89297	0.781986
0.66259	1.88664	0.78435
0.662958	1.8804	0.786636
0.663325	1.87422	0.788844
0.663693	1.86812	0.790978
0.66406	1.8621	0.793039
0.664428	1.85615	0.795031
0.664795	1.85029	0.796955
0.665163	1.8445	0.798814
0.66553	1.83879	0.80061
0.665898	1.83317	0.802347
0.666265	1.82762	0.804025
0.666633	1.82216	0.805648
0.667	1.81678	0.807218
0.667368	1.81148	0.808738
0.667735	1.80627	0.81021
0.668103	1.80114	0.811636
0.66847	1.79609	0.813019
0.668838	1.79114	0.814362
0.669205	1.78626	0.815667
0.669573	1.78147	0.816936
0.66994	1.77677	0.818172
0.670308	1.77215	0.819378
0.670675	1.76762	0.820555
0.671043	1.76317	0.821707
0.67141	1.75881	0.822835
0.671778	1.75453	0.823942
0.672145	1.75034	0.825031
0.672513	1.74623	0.826104
0.67288	1.74221	0.827163
0.673248	1.73827	0.82821
0.673615	1.73441	0.829249
0.673983	1.73064	0.830281
0.67435	1.72695	0.831308
0.674718	1.72334	0.832333
0.675085	1.71981	0.833359
0.675453	1.71636	0.834386
0.67582	1.71299	0.835419
0.676188	1.70969	0.836458
0.676555	1.70648	0.837505
0.676923	1.70334	0.838564
0.67729	1.70028	0.839636
0.677658	1.69729	0.840723
0.678025	1.69437	0.841827
0.678392	1.69153	0.842949
0.67876	1.68876	0.844093
0.679127	1.68606	0.84526
0.679495	1.68342	0.846452
0.679862	1.68086	0.84767
0.68023	1.67836	0.848917
0.680597	1.67592	0.850194
0.680965	1.67355	0.851502
0.681332	1.67124	0.852845
0.6817	1.66898	0.854222
0.682067	1.66679	0.855636
0.682435	1.66465	0.857088
0.682802	1.66257	0.85858
0.68317	1.66054	0.860114
0.683537	1.65857	0.861689
0.683905	1.65664	0.863309
0.684272	1.65476	0.864974
0.68464	1.65293	0.866685
0.685007	1.65115	0.868444
0.685375	1.6494	0.870252
0.685742	1.6477	0.872109
0.68611	1.64604	0.874018
0.686477	1.64442	0.875978
0.686845	1.64283	0.877992
0.687212	1.64127	0.880059
0.68758	1.63975	0.88218
0.687947	1.63825	0.884358
0.688315	1.63678	0.886591
0.688682	1.63534	0.888881
0.68905	1.63393	0.891228
0.689417	1.63253	0.893633
0.689785	1.63115	0.896097
0.690152	1.6298	0.89862
0.69052	1.62845	0.901202
0.690887	1.62713	0.903844
0.691255	1.62581	0.906546
0.691622	1.6245	0.909309
0.69199	1.6232	0.912131
0.692357	1.62191	0.915015
0.692725	1.62062	0.917959
0.693092	1.61933	0.920964
0.69346	1.61804	0.924029
0.693827	1.61675	0.927155
0.694195	1.61545	0.930342
0.694562	1.61415	0.933589
0.69493	1.61284	0.936897
0.695297	1.61152	0.940264
0.695665	1.61019	0.943691
0.696032	1.60884	0.947177
0.6964	1.60747	0.950721
0.696767	1.60609	0.954324
0.697135	1.60469	0.957985
0.697502	1.60327	0.961703
0.69787	1.60182	0.965477
0.698237	1.60035	0.969308
0.698605	1.59885	0.973193
0.698972	1.59732	0.977134
0.69934	1.59576	0.981127
0.699707	1.59416	0.985174
0.700075	1.59254	0.989272
0.700442	1.59087	0.993422
0.70081	1.58917	0.997621
0.701177	1.58743	1.00187
0.701545	1.58565	1.00617
0.701912	1.58383	1.01051
0.70228	1.58196	1.0149
0.702647	1.58005	1.01933
0.703015	1.57809	1.02381
0.703382	1.57608	1.02833
0.70375	1.57402	1.03289
0.704117	1.57192	1.03749
0.704485	1.56975	1.04213
0.704852	1.56754	1.0468
0.705219	1.56527	1.05151
0.705587	1.56295	1.05626
0.705954	1.56057	1.06103
0.706322	1.55813	1.06584
0.706689	1.55563	1.07068
0.707057	1.55307	1.07555
0.707424	1.55045	1.08044
0.707792	1.54776	1.08536
0.708159	1.54502	1.0903
0.708527	1.54221	1.09526
0.708894	1.53933	1.10025
0.709262	1.53639	1.10525
0.709629	1.53338	1.11027
0.709997	1.53031	1.1153
0.710364	1.52717	1.12035
0.710732	1.52396	1.12541
0.711099	1.52068	1.13048
0.711467	1.51733	1.13556
0.711834	1.51392	1.14065
0.712202	1.51043	1.14574
0.712569	1.50687	1.15083
0.712937	1.50324	1.15593
0.713304	1.49954	1.16102
0.713672	1.49577	1.16612
0.714039	1.49193	1.17121
0.714407	1.48802	1.17629
0.714774	1.48403	1.18137
0.715142	1.47998	1.18644
0.715509	1.47585	1.1915
0.715877	1.47165	1.19654
0.716244	1.46738	1.20157
0.716612	1.46303	1.20659
0.716979	1.45862	1.21159
0.717347	1.45414	1.21657
0.717714	1.44958	1.22152
0.718082	1.44495	1.22646
0.718449	1.44026	1.23137
0.718817	1.43549	1.23625
0.719184	1.43066	1.24111
0.719552	1.42576	1.24594
0.719919	1.42078	1.25074
0.720287	1.41574	1.2555
0.720654	1.41064	1.26023
0.721022	1.40547	1.26493
0.721389	1.40023	1.26959
0.721757	1.39493	1.27421
0.722124	1.38956	1.27879
0.722492	1.38413	1.28332
0.722859	1.37863	1.28782
0.723227	1.37308	1.29227
0.723594	1.36746	1.29668
0.723962	1.36179	1.30103
0.724329	1.35605	1.30534
0.724697	1.35026	1.3096
0.725064	1.34441	1.31381
0.725432	1.3385	1.31796
0.725799	1.33254	1.32207
0.726167	1.32653	1.32611
0.726534	1.32046	1.33011
0.726902	1.31434	1.33404
0.727269	1.30817	1.33792
0.727637	1.30195	1.34173
0.728004	1.29569	1.34549
0.728372	1.28937	1.34918
0.728739	1.28301	1.35282
0.729107	1.27661	1.35639
0.729474	1.27016	1.35989
0.729842	1.26368	1.36333
0.730209	1.25715	1.36671
0.730577	1.25058	1.37002
0.730944	1.24398	1.37326
0.731312	1.23734	1.37643
0.731679	1.23066	1.37954
0.732046	1.22396	1.38257
0.732414	1.21722	1.38554
0.732781	1.21045	1.38843
0.733149	1.20365	1.39125
0.733516	1.19682	1.39401
0.733884	1.18997	1.39669
0.734251	1.18309	1.39929
0.734619	1.17619	1.40183
0.734986	1.16927	1.40429
