# Frequency (eV) 	 HHG Real 	 Imaginary
0	0
0.000367493	2.09201e-15
0.000734986	8.38614e-15
0.00110248	1.89364e-14
0.00146997	3.38319e-14
0.00183747	5.31953e-14
0.00220496	7.71808e-14
0.00257245	1.05972e-13
0.00293995	1.3978e-13
0.00330744	1.78839e-13
0.00367493	2.23406e-13
0.00404243	2.73758e-13
0.00440992	3.30189e-13
0.00477741	3.93009e-13
0.00514491	4.62544e-13
0.0055124	5.39137e-13
0.00587989	6.23146e-13
0.00624738	7.14944e-13
0.00661488	8.14928e-13
0.00698237	9.23513e-13
0.00734986	1.04114e-12
0.00771736	1.16828e-12
0.00808485	1.30543e-12
0.00845234	1.45312e-12
0.00881984	1.61192e-12
0.00918733	1.78243e-12
0.00955482	1.96531e-12
0.00992232	2.16123e-12
0.0102898	2.37093e-12
0.0106573	2.59516e-12
0.0110248	2.83471e-12
0.0113923	3.09044e-12
0.0117598	3.36319e-12
0.0121273	3.65385e-12
0.0124948	3.96334e-12
0.0128623	4.29259e-12
0.0132298	4.64256e-12
0.0135972	5.0142e-12
0.0139647	5.40849e-12
0.0143322	5.82643e-12
0.0146997	6.26903e-12
0.0150672	6.73729e-12
0.0154347	7.23227e-12
0.0158022	7.755e-12
0.0161697	8.30658e-12
0.0165372	8.88811e-12
0.0169047	9.50071e-12
0.0172722	1.01456e-11
0.0176397	1.08239e-11
0.0180072	1.15369e-11
0.0183747	1.22859e-11
0.0187422	1.30722e-11
0.0191096	1.38972e-11
0.0194771	1.47623e-11
0.0198446	1.5669e-11
0.0202121	1.66186e-11
0.0205796	1.76128e-11
0.0209471	1.8653e-11
0.0213146	1.97408e-11
0.0216821	2.08779e-11
0.0220496	2.20657e-11
0.0224171	2.3306e-11
0.0227846	2.46003e-11
0.0231521	2.59503e-11
0.0235196	2.73578e-11
0.0238871	2.88242e-11
0.0242546	3.03514e-11
0.024622	3.19411e-11
0.0249895	3.3595e-11
0.025357	3.5315e-11
0.0257245	3.71027e-11
0.026092	3.89601e-11
0.0264595	4.08891e-11
0.026827	4.28915e-11
0.0271945	4.49693e-11
0.027562	4.71246e-11
0.0279295	4.93593e-11
0.028297	5.16755e-11
0.0286645	5.40754e-11
0.029032	5.65612e-11
0.0293995	5.91348e-11
0.029767	6.17987e-11
0.0301344	6.45551e-11
0.0305019	6.74061e-11
0.0308694	7.03541e-11
0.0312369	7.34014e-11
0.0316044	7.65504e-11
0.0319719	7.98032e-11
0.0323394	8.31624e-11
0.0327069	8.66303e-11
0.0330744	9.02092e-11
0.0334419	9.39017e-11
0.0338094	9.77101e-11
0.0341769	1.01637e-10
0.0345444	1.05685e-10
0.0349119	1.09856e-10
0.0352793	1.14153e-10
0.0356468	1.18579e-10
0.0360143	1.23137e-10
0.0363818	1.27828e-10
0.0367493	1.32656e-10
0.0371168	1.37624e-10
0.0374843	1.42735e-10
0.0378518	1.4799e-10
0.0382193	1.53394e-10
0.0385868	1.58949e-10
0.0389543	1.64658e-10
0.0393218	1.70524e-10
0.0396893	1.76551e-10
0.0400568	1.8274e-10
0.0404243	1.89097e-10
0.0407917	1.95622e-10
0.0411592	2.0232e-10
0.0415267	2.09193e-10
0.0418942	2.16246e-10
0.0422617	2.2348e-10
0.0426292	2.30899e-10
0.0429967	2.38506e-10
0.0433642	2.46305e-10
0.0437317	2.54298e-10
0.0440992	2.62489e-10
0.0444667	2.70882e-10
0.0448342	2.7948e-10
0.0452017	2.88286e-10
0.0455692	2.97304e-10
0.0459367	3.06537e-10
0.0463041	3.15989e-10
0.0466716	3.25665e-10
0.0470391	3.35567e-10
0.0474066	3.45699e-10
0.0477741	3.56066e-10
0.0481416	3.66671e-10
0.0485091	3.77517e-10
0.0488766	3.8861e-10
0.0492441	3.99952e-10
0.0496116	4.11547e-10
0.0499791	4.23399e-10
0.0503466	4.35513e-10
0.0507141	4.47891e-10
0.0510816	4.60538e-10
0.0514491	4.73458e-10
0.0518165	4.86654e-10
0.052184	5.00131e-10
0.0525515	5.13893e-10
0.052919	5.27944e-10
0.0532865	5.42289e-10
0.053654	5.56931e-10
0.0540215	5.71875e-10
0.054389	5.87126e-10
0.0547565	6.02688e-10
0.055124	6.18566e-10
0.0554915	6.34764e-10
0.055859	6.51288e-10
0.0562265	6.68142e-10
0.056594	6.8533e-10
0.0569614	7.02858e-10
0.0573289	7.20729e-10
0.0576964	7.38949e-10
0.0580639	7.57522e-10
0.0584314	7.76452e-10
0.0587989	7.95744e-10
0.0591664	8.15404e-10
0.0595339	8.35434e-10
0.0599014	8.55841e-10
0.0602689	8.7663e-10
0.0606364	8.97804e-10
0.0610039	9.1937e-10
0.0613714	9.41333e-10
0.0617389	9.63697e-10
0.0621064	9.86469e-10
0.0624738	1.00965e-09
0.0628413	1.03326e-09
0.0632088	1.05729e-09
0.0635763	1.08174e-09
0.0639438	1.10664e-09
0.0643113	1.13197e-09
0.0646788	1.15776e-09
0.0650463	1.18399e-09
0.0654138	1.21068e-09
0.0657813	1.23784e-09
0.0661488	1.26546e-09
0.0665163	1.29356e-09
0.0668838	1.32213e-09
0.0672513	1.35119e-09
0.0676188	1.38075e-09
0.0679862	1.41079e-09
0.0683537	1.44134e-09
0.0687212	1.4724e-09
0.0690887	1.50398e-09
0.0694562	1.53608e-09
0.0698237	1.5687e-09
0.0701912	1.60186e-09
0.0705587	1.63556e-09
0.0709262	1.66982e-09
0.0712937	1.70463e-09
0.0716612	1.74e-09
0.0720287	1.77594e-09
0.0723962	1.81246e-09
0.0727637	1.84956e-09
0.0731312	1.88724e-09
0.0734986	1.92553e-09
0.0738661	1.96441e-09
0.0742336	2.0039e-09
0.0746011	2.04401e-09
0.0749686	2.08474e-09
0.0753361	2.12609e-09
0.0757036	2.16808e-09
0.0760711	2.21072e-09
0.0764386	2.254e-09
0.0768061	2.29795e-09
0.0771736	2.34256e-09
0.0775411	2.38785e-09
0.0779086	2.43383e-09
0.0782761	2.4805e-09
0.0786435	2.52788e-09
0.079011	2.57597e-09
0.0793785	2.62479e-09
0.079746	2.67433e-09
0.0801135	2.72461e-09
0.080481	2.77563e-09
0.0808485	2.8274e-09
0.081216	2.87994e-09
0.0815835	2.93323e-09
0.081951	2.9873e-09
0.0823185	3.04215e-09
0.082686	3.0978e-09
0.0830535	3.15425e-09
0.083421	3.21151e-09
0.0837885	3.2696e-09
0.0841559	3.32854e-09
0.0845234	3.38835e-09
0.0848909	3.44903e-09
0.0852584	3.51061e-09
0.0856259	3.57311e-09
0.0859934	3.63654e-09
0.0863609	3.70091e-09
0.0867284	3.76625e-09
0.0870959	3.83256e-09
0.0874634	3.89984e-09
0.0878309	3.9681e-09
0.0881984	4.03734e-09
0.0885659	4.10755e-09
0.0889334	4.17873e-09
0.0893009	4.25086e-09
0.0896683	4.32393e-09
0.0900358	4.39794e-09
0.0904033	4.47286e-09
0.0907708	4.54869e-09
0.0911383	4.62544e-09
0.0915058	4.7031e-09
0.0918733	4.78167e-09
0.0922408	4.86119e-09
0.0926083	4.94168e-09
0.0929758	5.02316e-09
0.0933433	5.1057e-09
0.0937108	5.18933e-09
0.0940783	5.27412e-09
0.0944458	5.36013e-09
0.0948133	5.44742e-09
0.0951807	5.53604e-09
0.0955482	5.62606e-09
0.0959157	5.71752e-09
0.0962832	5.81046e-09
0.0966507	5.9049e-09
0.0970182	6.00085e-09
0.0973857	6.09829e-09
0.0977532	6.19721e-09
0.0981207	6.29754e-09
0.0984882	6.39924e-09
0.0988557	6.50221e-09
0.0992232	6.60637e-09
0.0995907	6.71163e-09
0.0999582	6.81786e-09
0.100326	6.92498e-09
0.100693	7.03286e-09
0.101061	7.14141e-09
0.101428	7.25055e-09
0.101796	7.3602e-09
0.102163	7.4703e-09
0.102531	7.5808e-09
0.102898	7.69169e-09
0.103266	7.80296e-09
0.103633	7.91461e-09
0.104001	8.02667e-09
0.104368	8.13917e-09
0.104736	8.25215e-09
0.105103	8.36565e-09
0.105471	8.47972e-09
0.105838	8.5944e-09
0.106206	8.70972e-09
0.106573	8.82572e-09
0.106941	8.94241e-09
0.107308	9.0598e-09
0.107676	9.17791e-09
0.108043	9.29673e-09
0.108411	9.41627e-09
0.108778	9.53654e-09
0.109145	9.65754e-09
0.109513	9.7793e-09
0.10988	9.90187e-09
0.110248	1.00253e-08
0.110615	1.01497e-08
0.110983	1.02751e-08
0.11135	1.04018e-08
0.111718	1.05298e-08
0.112085	1.06593e-08
0.112453	1.07907e-08
0.11282	1.0924e-08
0.113188	1.10595e-08
0.113555	1.11974e-08
0.113923	1.1338e-08
0.11429	1.14814e-08
0.114658	1.16279e-08
0.115025	1.17776e-08
0.115393	1.19306e-08
0.11576	1.20869e-08
0.116128	1.22466e-08
0.116495	1.24096e-08
0.116863	1.25759e-08
0.11723	1.27454e-08
0.117598	1.29178e-08
0.117965	1.3093e-08
0.118333	1.32708e-08
0.1187	1.34509e-08
0.119068	1.36331e-08
0.119435	1.38171e-08
0.119803	1.40027e-08
0.12017	1.41897e-08
0.120538	1.43778e-08
0.120905	1.45671e-08
0.121273	1.47573e-08
0.12164	1.49485e-08
0.122008	1.51406e-08
0.122375	1.53337e-08
0.122743	1.5528e-08
0.12311	1.57236e-08
0.123478	1.59206e-08
0.123845	1.61195e-08
0.124213	1.63203e-08
0.12458	1.65234e-08
0.124948	1.67291e-08
0.125315	1.69376e-08
0.125683	1.71493e-08
0.12605	1.73642e-08
0.126418	1.75825e-08
0.126785	1.78045e-08
0.127153	1.80301e-08
0.12752	1.82593e-08
0.127888	1.8492e-08
0.128255	1.8728e-08
0.128623	1.89672e-08
0.12899	1.92092e-08
0.129358	1.94537e-08
0.129725	1.97003e-08
0.130093	1.99485e-08
0.13046	2.0198e-08
0.130828	2.04483e-08
0.131195	2.06991e-08
0.131563	2.09501e-08
0.13193	2.12011e-08
0.132298	2.14519e-08
0.132665	2.17027e-08
0.133033	2.19536e-08
0.1334	2.2205e-08
0.133768	2.24573e-08
0.134135	2.27113e-08
0.134503	2.29677e-08
0.13487	2.32276e-08
0.135238	2.34919e-08
0.135605	2.37619e-08
0.135972	2.40385e-08
0.13634	2.43231e-08
0.136707	2.46165e-08
0.137075	2.49198e-08
0.137442	2.52336e-08
0.13781	2.55583e-08
0.138177	2.58941e-08
0.138545	2.62409e-08
0.138912	2.6598e-08
0.13928	2.69645e-08
0.139647	2.73391e-08
0.140015	2.77201e-08
0.140382	2.81053e-08
0.14075	2.84924e-08
0.141117	2.88788e-08
0.141485	2.92617e-08
0.141852	2.96383e-08
0.14222	3.00058e-08
0.142587	3.03616e-08
0.142955	3.07031e-08
0.143322	3.10284e-08
0.14369	3.13357e-08
0.144057	3.16239e-08
0.144425	3.18926e-08
0.144792	3.21416e-08
0.14516	3.23719e-08
0.145527	3.25848e-08
0.145895	3.27823e-08
0.146262	3.29669e-08
0.14663	3.31418e-08
0.146997	3.33104e-08
0.147365	3.34765e-08
0.147732	3.36441e-08
0.1481	3.38172e-08
0.148467	3.39998e-08
0.148835	3.41956e-08
0.149202	3.44081e-08
0.14957	3.46401e-08
0.149937	3.48944e-08
0.150305	3.51727e-08
0.150672	3.54765e-08
0.15104	3.58064e-08
0.151407	3.61626e-08
0.151775	3.65447e-08
0.152142	3.69517e-08
0.15251	3.73822e-08
0.152877	3.78346e-08
0.153245	3.83067e-08
0.153612	3.87965e-08
0.15398	3.93018e-08
0.154347	3.98204e-08
0.154715	4.03501e-08
0.155082	4.08891e-08
0.15545	4.14358e-08
0.155817	4.19885e-08
0.156185	4.2546e-08
0.156552	4.31075e-08
0.15692	4.3672e-08
0.157287	4.42391e-08
0.157655	4.48081e-08
0.158022	4.53788e-08
0.15839	4.59507e-08
0.158757	4.65234e-08
0.159125	4.70966e-08
0.159492	4.76695e-08
0.15986	4.82417e-08
0.160227	4.88123e-08
0.160595	4.93804e-08
0.160962	4.99452e-08
0.16133	5.05058e-08
0.161697	5.10611e-08
0.162065	5.16104e-08
0.162432	5.21529e-08
0.162799	5.26883e-08
0.163167	5.32161e-08
0.163534	5.37365e-08
0.163902	5.42499e-08
0.164269	5.47569e-08
0.164637	5.52585e-08
0.165004	5.57562e-08
0.165372	5.62514e-08
0.165739	5.67462e-08
0.166107	5.72425e-08
0.166474	5.77423e-08
0.166842	5.8248e-08
0.167209	5.87616e-08
0.167577	5.92852e-08
0.167944	5.98205e-08
0.168312	6.03694e-08
0.168679	6.09333e-08
0.169047	6.15133e-08
0.169414	6.21106e-08
0.169782	6.27258e-08
0.170149	6.33597e-08
0.170517	6.40126e-08
0.170884	6.46848e-08
0.171252	6.53767e-08
0.171619	6.60884e-08
0.171987	6.68202e-08
0.172354	6.75721e-08
0.172722	6.83443e-08
0.173089	6.91368e-08
0.173457	6.99494e-08
0.173824	7.07819e-08
0.174192	7.16334e-08
0.174559	7.25031e-08
0.174927	7.33891e-08
0.175294	7.42894e-08
0.175662	7.52009e-08
0.176029	7.61199e-08
0.176397	7.70418e-08
0.176764	7.79612e-08
0.177132	7.88721e-08
0.177499	7.97676e-08
0.177867	8.06403e-08
0.178234	8.14825e-08
0.178602	8.22865e-08
0.178969	8.30448e-08
0.179337	8.37501e-08
0.179704	8.43962e-08
0.180072	8.49781e-08
0.180439	8.54921e-08
0.180807	8.59362e-08
0.181174	8.63107e-08
0.181542	8.66177e-08
0.181909	8.68619e-08
0.182277	8.70501e-08
0.182644	8.71916e-08
0.183012	8.72975e-08
0.183379	8.73808e-08
0.183747	8.74562e-08
0.184114	8.75392e-08
0.184482	8.7646e-08
0.184849	8.77927e-08
0.185217	8.7995e-08
0.185584	8.82674e-08
0.185952	8.86226e-08
0.186319	8.90712e-08
0.186687	8.96213e-08
0.187054	9.02776e-08
0.187422	9.10417e-08
0.187789	9.19118e-08
0.188157	9.28826e-08
0.188524	9.39452e-08
0.188892	9.50878e-08
0.189259	9.62957e-08
0.189627	9.75519e-08
0.189994	9.88375e-08
0.190361	1.00133e-07
0.190729	1.01417e-07
0.191096	1.02671e-07
0.191464	1.03874e-07
0.191831	1.0501e-07
0.192199	1.06062e-07
0.192566	1.07019e-07
0.192934	1.07872e-07
0.193301	1.08613e-07
0.193669	1.09241e-07
0.194036	1.09758e-07
0.194404	1.10169e-07
0.194771	1.10483e-07
0.195139	1.10713e-07
0.195506	1.10872e-07
0.195874	1.10978e-07
0.196241	1.11049e-07
0.196609	1.11107e-07
0.196976	1.1117e-07
0.197344	1.11259e-07
0.197711	1.11393e-07
0.198079	1.11591e-07
0.198446	1.11867e-07
0.198814	1.12237e-07
0.199181	1.1271e-07
0.199549	1.13296e-07
0.199916	1.14e-07
0.200284	1.14824e-07
0.200651	1.15768e-07
0.201019	1.16829e-07
0.201386	1.18001e-07
0.201754	1.19278e-07
0.202121	1.2065e-07
0.202489	1.22105e-07
0.202856	1.23634e-07
0.203224	1.25224e-07
0.203591	1.26863e-07
0.203959	1.28539e-07
0.204326	1.30242e-07
0.204694	1.31962e-07
0.205061	1.3369e-07
0.205429	1.3542e-07
0.205796	1.37144e-07
0.206164	1.3886e-07
0.206531	1.40565e-07
0.206899	1.42258e-07
0.207266	1.4394e-07
0.207634	1.45612e-07
0.208001	1.47278e-07
0.208369	1.48942e-07
0.208736	1.50607e-07
0.209104	1.52278e-07
0.209471	1.53961e-07
0.209839	1.55659e-07
0.210206	1.57378e-07
0.210574	1.5912e-07
0.210941	1.60888e-07
0.211309	1.62683e-07
0.211676	1.64507e-07
0.212044	1.66359e-07
0.212411	1.68236e-07
0.212779	1.70136e-07
0.213146	1.72054e-07
0.213514	1.73985e-07
0.213881	1.75922e-07
0.214249	1.77859e-07
0.214616	1.79787e-07
0.214984	1.81698e-07
0.215351	1.83584e-07
0.215719	1.85437e-07
0.216086	1.87249e-07
0.216454	1.89012e-07
0.216821	1.9072e-07
0.217188	1.92367e-07
0.217556	1.93948e-07
0.217923	1.95461e-07
0.218291	1.96904e-07
0.218658	1.98276e-07
0.219026	1.99578e-07
0.219393	2.00813e-07
0.219761	2.01984e-07
0.220128	2.03098e-07
0.220496	2.04159e-07
0.220863	2.05175e-07
0.221231	2.06154e-07
0.221598	2.07104e-07
0.221966	2.08034e-07
0.222333	2.08951e-07
0.222701	2.09865e-07
0.223068	2.10782e-07
0.223436	2.1171e-07
0.223803	2.12656e-07
0.224171	2.13623e-07
0.224538	2.14616e-07
0.224906	2.15638e-07
0.225273	2.16692e-07
0.225641	2.17776e-07
0.226008	2.18892e-07
0.226376	2.20039e-07
0.226743	2.21214e-07
0.227111	2.22416e-07
0.227478	2.23643e-07
0.227846	2.24892e-07
0.228213	2.26162e-07
0.228581	2.27451e-07
0.228948	2.2876e-07
0.229316	2.30089e-07
0.229683	2.31438e-07
0.230051	2.32811e-07
0.230418	2.34211e-07
0.230786	2.35643e-07
0.231153	2.37112e-07
0.231521	2.38624e-07
0.231888	2.40185e-07
0.232256	2.41804e-07
0.232623	2.43485e-07
0.232991	2.45235e-07
0.233358	2.47059e-07
0.233726	2.48962e-07
0.234093	2.50947e-07
0.234461	2.53015e-07
0.234828	2.55165e-07
0.235196	2.57397e-07
0.235563	2.59706e-07
0.235931	2.62089e-07
0.236298	2.64538e-07
0.236666	2.67048e-07
0.237033	2.69611e-07
0.237401	2.7222e-07
0.237768	2.74867e-07
0.238136	2.77547e-07
0.238503	2.80256e-07
0.238871	2.8299e-07
0.239238	2.85749e-07
0.239606	2.88535e-07
0.239973	2.91352e-07
0.240341	2.94205e-07
0.240708	2.97105e-07
0.241076	3.00062e-07
0.241443	3.03087e-07
0.241811	3.06193e-07
0.242178	3.09393e-07
0.242546	3.12697e-07
0.242913	3.16116e-07
0.243281	3.19656e-07
0.243648	3.2332e-07
0.244015	3.27105e-07
0.244383	3.31005e-07
0.24475	3.35006e-07
0.245118	3.39088e-07
0.245485	3.43224e-07
0.245853	3.47384e-07
0.24622	3.51527e-07
0.246588	3.55611e-07
0.246955	3.59587e-07
0.247323	3.63404e-07
0.24769	3.67011e-07
0.248058	3.70355e-07
0.248425	3.73385e-07
0.248793	3.76055e-07
0.24916	3.78323e-07
0.249528	3.80154e-07
0.249895	3.81524e-07
0.250263	3.82417e-07
0.25063	3.82827e-07
0.250998	3.82762e-07
0.251365	3.82243e-07
0.251733	3.81299e-07
0.2521	3.79976e-07
0.252468	3.78327e-07
0.252835	3.76416e-07
0.253203	3.74317e-07
0.25357	3.72108e-07
0.253938	3.69874e-07
0.254305	3.67698e-07
0.254673	3.65668e-07
0.25504	3.63866e-07
0.255408	3.62371e-07
0.255775	3.61253e-07
0.256143	3.60577e-07
0.25651	3.60394e-07
0.256878	3.60744e-07
0.257245	3.61656e-07
0.257613	3.63145e-07
0.25798	3.6521e-07
0.258348	3.67841e-07
0.258715	3.71012e-07
0.259083	3.74688e-07
0.25945	3.78821e-07
0.259818	3.83356e-07
0.260185	3.88231e-07
0.260553	3.93378e-07
0.26092	3.98727e-07
0.261288	4.04204e-07
0.261655	4.0974e-07
0.262023	4.15264e-07
0.26239	4.20713e-07
0.262758	4.26029e-07
0.263125	4.31159e-07
0.263493	4.3606e-07
0.26386	4.40698e-07
0.264228	4.45048e-07
0.264595	4.49094e-07
0.264963	4.52832e-07
0.26533	4.56266e-07
0.265698	4.5941e-07
0.266065	4.62285e-07
0.266433	4.64921e-07
0.2668	4.67357e-07
0.267168	4.69634e-07
0.267535	4.71802e-07
0.267903	4.73911e-07
0.26827	4.76014e-07
0.268638	4.78168e-07
0.269005	4.80426e-07
0.269373	4.82842e-07
0.26974	4.85465e-07
0.270108	4.8834e-07
0.270475	4.91509e-07
0.270843	4.95004e-07
0.27121	4.98852e-07
0.271577	5.03069e-07
0.271945	5.07663e-07
0.272312	5.12633e-07
0.27268	5.17966e-07
0.273047	5.23639e-07
0.273415	5.29621e-07
0.273782	5.35869e-07
0.27415	5.42333e-07
0.274517	5.48954e-07
0.274885	5.55666e-07
0.275252	5.62402e-07
0.27562	5.69087e-07
0.275987	5.7565e-07
0.276355	5.82016e-07
0.276722	5.88119e-07
0.27709	5.93893e-07
0.277457	5.99283e-07
0.277825	6.04241e-07
0.278192	6.08732e-07
0.27856	6.12732e-07
0.278927	6.16228e-07
0.279295	6.19224e-07
0.279662	6.21734e-07
0.28003	6.23786e-07
0.280397	6.25423e-07
0.280765	6.26693e-07
0.281132	6.27659e-07
0.2815	6.28387e-07
0.281867	6.2895e-07
0.282235	6.29422e-07
0.282602	6.2988e-07
0.28297	6.30396e-07
0.283337	6.31038e-07
0.283705	6.31869e-07
0.284072	6.32943e-07
0.28444	6.34304e-07
0.284807	6.35986e-07
0.285175	6.38012e-07
0.285542	6.40393e-07
0.28591	6.43131e-07
0.286277	6.46215e-07
0.286645	6.49628e-07
0.287012	6.53343e-07
0.28738	6.57326e-07
0.287747	6.61542e-07
0.288115	6.6595e-07
0.288482	6.7051e-07
0.28885	6.75181e-07
0.289217	6.79927e-07
0.289585	6.84715e-07
0.289952	6.89516e-07
0.29032	6.94308e-07
0.290687	6.99077e-07
0.291055	7.03816e-07
0.291422	7.08523e-07
0.29179	7.13206e-07
0.292157	7.17881e-07
0.292525	7.22568e-07
0.292892	7.27294e-07
0.29326	7.32092e-07
0.293627	7.36997e-07
0.293995	7.42048e-07
0.294362	7.47285e-07
0.29473	7.52748e-07
0.295097	7.58475e-07
0.295465	7.64502e-07
0.295832	7.7086e-07
0.2962	7.77573e-07
0.296567	7.84657e-07
0.296935	7.92121e-07
0.297302	7.99962e-07
0.29767	8.08164e-07
0.298037	8.16701e-07
0.298404	8.25533e-07
0.298772	8.34606e-07
0.299139	8.43854e-07
0.299507	8.53198e-07
0.299874	8.62547e-07
0.300242	8.71804e-07
0.300609	8.80861e-07
0.300977	8.89608e-07
0.301344	8.97934e-07
0.301712	9.0573e-07
0.302079	9.12893e-07
0.302447	9.1933e-07
0.302814	9.24963e-07
0.303182	9.29729e-07
0.303549	9.33588e-07
0.303917	9.36522e-07
0.304284	9.38538e-07
0.304652	9.39668e-07
0.305019	9.39971e-07
0.305387	9.39531e-07
0.305754	9.38454e-07
0.306122	9.36867e-07
0.306489	9.34913e-07
0.306857	9.32747e-07
0.307224	9.30531e-07
0.307592	9.28428e-07
0.307959	9.26598e-07
0.308327	9.25188e-07
0.308694	9.24334e-07
0.309062	9.24151e-07
0.309429	9.2473e-07
0.309797	9.2614e-07
0.310164	9.28418e-07
0.310532	9.31578e-07
0.310899	9.35605e-07
0.311267	9.40462e-07
0.311634	9.46089e-07
0.312002	9.52409e-07
0.312369	9.59335e-07
0.312737	9.66771e-07
0.313104	9.7462e-07
0.313472	9.82791e-07
0.313839	9.91198e-07
0.314207	9.99772e-07
0.314574	1.00846e-06
0.314942	1.01722e-06
0.315309	1.02604e-06
0.315677	1.03493e-06
0.316044	1.0439e-06
0.316412	1.053e-06
0.316779	1.06228e-06
0.317147	1.0718e-06
0.317514	1.08163e-06
0.317882	1.09182e-06
0.318249	1.10243e-06
0.318617	1.11352e-06
0.318984	1.12511e-06
0.319352	1.13721e-06
0.319719	1.14982e-06
0.320087	1.1629e-06
0.320454	1.17641e-06
0.320822	1.19027e-06
0.321189	1.20439e-06
0.321557	1.21867e-06
0.321924	1.23298e-06
0.322292	1.2472e-06
0.322659	1.26121e-06
0.323027	1.27488e-06
0.323394	1.28811e-06
0.323762	1.30079e-06
0.324129	1.31285e-06
0.324497	1.32423e-06
0.324864	1.3349e-06
0.325232	1.34484e-06
0.325599	1.35407e-06
0.325966	1.36263e-06
0.326334	1.37058e-06
0.326701	1.378e-06
0.327069	1.38498e-06
0.327436	1.39164e-06
0.327804	1.39809e-06
0.328171	1.40445e-06
0.328539	1.41082e-06
0.328906	1.41733e-06
0.329274	1.42408e-06
0.329641	1.43115e-06
0.330009	1.43864e-06
0.330376	1.44661e-06
0.330744	1.45511e-06
0.331111	1.46418e-06
0.331479	1.47385e-06
0.331846	1.48413e-06
0.332214	1.49502e-06
0.332581	1.50651e-06
0.332949	1.5186e-06
0.333316	1.53124e-06
0.333684	1.54441e-06
0.334051	1.55808e-06
0.334419	1.57219e-06
0.334786	1.58668e-06
0.335154	1.60151e-06
0.335521	1.61659e-06
0.335889	1.63184e-06
0.336256	1.64718e-06
0.336624	1.66248e-06
0.336991	1.67764e-06
0.337359	1.69252e-06
0.337726	1.70697e-06
0.338094	1.72085e-06
0.338461	1.73398e-06
0.338829	1.7462e-06
0.339196	1.75735e-06
0.339564	1.76725e-06
0.339931	1.77575e-06
0.340299	1.78272e-06
0.340666	1.78803e-06
0.341034	1.79159e-06
0.341401	1.79334e-06
0.341769	1.79327e-06
0.342136	1.79138e-06
0.342504	1.78774e-06
0.342871	1.78246e-06
0.343239	1.77568e-06
0.343606	1.7676e-06
0.343974	1.75844e-06
0.344341	1.74846e-06
0.344709	1.73796e-06
0.345076	1.72724e-06
0.345444	1.71663e-06
0.345811	1.70644e-06
0.346179	1.69699e-06
0.346546	1.68858e-06
0.346914	1.68149e-06
0.347281	1.67595e-06
0.347649	1.67217e-06
0.348016	1.67031e-06
0.348384	1.67049e-06
0.348751	1.67279e-06
0.349119	1.67721e-06
0.349486	1.68373e-06
0.349854	1.69229e-06
0.350221	1.7028e-06
0.350589	1.71511e-06
0.350956	1.72907e-06
0.351324	1.74452e-06
0.351691	1.76127e-06
0.352059	1.77916e-06
0.352426	1.79802e-06
0.352793	1.81768e-06
0.353161	1.83801e-06
0.353528	1.85891e-06
0.353896	1.88027e-06
0.354263	1.90205e-06
0.354631	1.92418e-06
0.354998	1.94667e-06
0.355366	1.9695e-06
0.355733	1.9927e-06
0.356101	2.01629e-06
0.356468	2.0403e-06
0.356836	2.06476e-06
0.357203	2.08968e-06
0.357571	2.11507e-06
0.357938	2.14092e-06
0.358306	2.1672e-06
0.358673	2.19384e-06
0.359041	2.22076e-06
0.359408	2.24785e-06
0.359776	2.27498e-06
0.360143	2.30198e-06
0.360511	2.32867e-06
0.360878	2.35486e-06
0.361246	2.38032e-06
0.361613	2.40485e-06
0.361981	2.42822e-06
0.362348	2.45023e-06
0.362716	2.47065e-06
0.363083	2.48932e-06
0.363451	2.50605e-06
0.363818	2.52072e-06
0.364186	2.53322e-06
0.364553	2.54349e-06
0.364921	2.5515e-06
0.365288	2.55726e-06
0.365656	2.56085e-06
0.366023	2.56238e-06
0.366391	2.562e-06
0.366758	2.55992e-06
0.367126	2.55639e-06
0.367493	2.55171e-06
0.367861	2.54621e-06
0.368228	2.54024e-06
0.368596	2.5342e-06
0.368963	2.52851e-06
0.369331	2.52357e-06
0.369698	2.51983e-06
0.370066	2.5177e-06
0.370433	2.51759e-06
0.370801	2.51987e-06
0.371168	2.52491e-06
0.371536	2.533e-06
0.371903	2.54441e-06
0.372271	2.55933e-06
0.372638	2.57791e-06
0.373006	2.60022e-06
0.373373	2.62627e-06
0.373741	2.65599e-06
0.374108	2.68926e-06
0.374476	2.72588e-06
0.374843	2.76559e-06
0.375211	2.80809e-06
0.375578	2.85303e-06
0.375946	2.90001e-06
0.376313	2.94863e-06
0.376681	2.99843e-06
0.377048	3.04899e-06
0.377416	3.09986e-06
0.377783	3.1506e-06
0.378151	3.2008e-06
0.378518	3.25006e-06
0.378886	3.29804e-06
0.379253	3.34441e-06
0.37962	3.38888e-06
0.379988	3.43122e-06
0.380355	3.47123e-06
0.380723	3.50876e-06
0.38109	3.54369e-06
0.381458	3.57597e-06
0.381825	3.60557e-06
0.382193	3.63252e-06
0.38256	3.65687e-06
0.382928	3.67874e-06
0.383295	3.69824e-06
0.383663	3.71557e-06
0.38403	3.73092e-06
0.384398	3.74454e-06
0.384765	3.7567e-06
0.385133	3.76769e-06
0.3855	3.77784e-06
0.385868	3.78749e-06
0.386235	3.79698e-06
0.386603	3.80668e-06
0.38697	3.81696e-06
0.387338	3.82817e-06
0.387705	3.84066e-06
0.388073	3.85474e-06
0.38844	3.87072e-06
0.388808	3.88885e-06
0.389175	3.90934e-06
0.389543	3.93235e-06
0.38991	3.958e-06
0.390278	3.98634e-06
0.390645	4.01735e-06
0.391013	4.05097e-06
0.39138	4.08708e-06
0.391748	4.12548e-06
0.392115	4.16595e-06
0.392483	4.20821e-06
0.39285	4.25193e-06
0.393218	4.29676e-06
0.393585	4.34233e-06
0.393953	4.38823e-06
0.39432	4.43406e-06
0.394688	4.47939e-06
0.395055	4.52382e-06
0.395423	4.56691e-06
0.39579	4.60827e-06
0.396158	4.64748e-06
0.396525	4.68415e-06
0.396893	4.71793e-06
0.39726	4.74843e-06
0.397628	4.77534e-06
0.397995	4.79832e-06
0.398363	4.81711e-06
0.39873	4.83144e-06
0.399098	4.84112e-06
0.399465	4.84597e-06
0.399833	4.84589e-06
0.4002	4.84086e-06
0.400568	4.83089e-06
0.400935	4.81611e-06
0.401303	4.79673e-06
0.40167	4.77304e-06
0.402038	4.74545e-06
0.402405	4.71445e-06
0.402773	4.68063e-06
0.40314	4.64467e-06
0.403508	4.60733e-06
0.403875	4.56941e-06
0.404243	4.5318e-06
0.40461	4.49537e-06
0.404978	4.46104e-06
0.405345	4.42967e-06
0.405713	4.40211e-06
0.40608	4.37913e-06
0.406448	4.3614e-06
0.406815	4.34949e-06
0.407182	4.34385e-06
0.40755	4.34478e-06
0.407917	4.35244e-06
0.408285	4.36682e-06
0.408652	4.38777e-06
0.40902	4.41499e-06
0.409387	4.44805e-06
0.409755	4.48638e-06
0.410122	4.52934e-06
0.41049	4.57617e-06
0.410857	4.62608e-06
0.411225	4.67823e-06
0.411592	4.73177e-06
0.41196	4.78589e-06
0.412327	4.83978e-06
0.412695	4.89272e-06
0.413062	4.94404e-06
0.41343	4.99317e-06
0.413797	5.03964e-06
0.414165	5.0831e-06
0.414532	5.1233e-06
0.4149	5.16011e-06
0.415267	5.19353e-06
0.415635	5.22365e-06
0.416002	5.25069e-06
0.41637	5.27494e-06
0.416737	5.29682e-06
0.417105	5.3168e-06
0.417472	5.33544e-06
0.41784	5.35334e-06
0.418207	5.37117e-06
0.418575	5.38961e-06
0.418942	5.40937e-06
0.41931	5.43117e-06
0.419677	5.45571e-06
0.420045	5.48367e-06
0.420412	5.51569e-06
0.42078	5.55235e-06
0.421147	5.59418e-06
0.421515	5.64162e-06
0.421882	5.69501e-06
0.42225	5.7546e-06
0.422617	5.82052e-06
0.422985	5.89281e-06
0.423352	5.97136e-06
0.42372	6.05598e-06
0.424087	6.14636e-06
0.424455	6.24208e-06
0.424822	6.34265e-06
0.42519	6.44749e-06
0.425557	6.55599e-06
0.425925	6.66749e-06
0.426292	6.78129e-06
0.42666	6.89673e-06
0.427027	7.01314e-06
0.427395	7.12991e-06
0.427762	7.24646e-06
0.42813	7.36231e-06
0.428497	7.47701e-06
0.428865	7.59022e-06
0.429232	7.70166e-06
0.4296	7.81114e-06
0.429967	7.91854e-06
0.430335	8.02377e-06
0.430702	8.12684e-06
0.43107	8.22775e-06
0.431437	8.32653e-06
0.431805	8.42323e-06
0.432172	8.51788e-06
0.43254	8.61047e-06
0.432907	8.70098e-06
0.433275	8.78933e-06
0.433642	8.87539e-06
0.434009	8.95899e-06
0.434377	9.03988e-06
0.434744	9.11777e-06
0.435112	9.19231e-06
0.435479	9.26313e-06
0.435847	9.32979e-06
0.436214	9.39186e-06
0.436582	9.44887e-06
0.436949	9.50038e-06
0.437317	9.54595e-06
0.437684	9.58518e-06
0.438052	9.61773e-06
0.438419	9.64329e-06
0.438787	9.66169e-06
0.439154	9.67282e-06
0.439522	9.6767e-06
0.439889	9.67349e-06
0.440257	9.66349e-06
0.440624	9.64717e-06
0.440992	9.62515e-06
0.441359	9.59824e-06
0.441727	9.56744e-06
0.442094	9.53388e-06
0.442462	9.49889e-06
0.442829	9.46391e-06
0.443197	9.43051e-06
0.443564	9.40035e-06
0.443932	9.3751e-06
0.444299	9.35645e-06
0.444667	9.34605e-06
0.445034	9.3454e-06
0.445402	9.35588e-06
0.445769	9.37863e-06
0.446137	9.41453e-06
0.446504	9.46416e-06
0.446872	9.52777e-06
0.447239	9.60523e-06
0.447607	9.69606e-06
0.447974	9.79944e-06
0.448342	9.91419e-06
0.448709	1.00389e-05
0.449077	1.01718e-05
0.449444	1.03112e-05
0.449812	1.04551e-05
0.450179	1.06016e-05
0.450547	1.0749e-05
0.450914	1.08956e-05
0.451282	1.10403e-05
0.451649	1.1182e-05
0.452017	1.13203e-05
0.452384	1.1455e-05
0.452752	1.15866e-05
0.453119	1.1716e-05
0.453487	1.18445e-05
0.453854	1.19736e-05
0.454222	1.21055e-05
0.454589	1.22421e-05
0.454957	1.23857e-05
0.455324	1.25382e-05
0.455692	1.27017e-05
0.456059	1.28775e-05
0.456427	1.30668e-05
0.456794	1.32699e-05
0.457162	1.34867e-05
0.457529	1.37162e-05
0.457897	1.39567e-05
0.458264	1.42059e-05
0.458632	1.44605e-05
0.458999	1.47169e-05
0.459367	1.49708e-05
0.459734	1.52177e-05
0.460102	1.54527e-05
0.460469	1.5671e-05
0.460837	1.5868e-05
0.461204	1.60392e-05
0.461571	1.61809e-05
0.461939	1.62897e-05
0.462306	1.63633e-05
0.462674	1.64001e-05
0.463041	1.63993e-05
0.463409	1.63613e-05
0.463776	1.62873e-05
0.464144	1.61793e-05
0.464511	1.60403e-05
0.464879	1.58739e-05
0.465246	1.56843e-05
0.465614	1.54759e-05
0.465981	1.52536e-05
0.466349	1.50222e-05
0.466716	1.47868e-05
0.467084	1.45517e-05
0.467451	1.43215e-05
0.467819	1.40998e-05
0.468186	1.38902e-05
0.468554	1.36954e-05
0.468921	1.35176e-05
0.469289	1.33586e-05
0.469656	1.32193e-05
0.470024	1.31004e-05
0.470391	1.3002e-05
0.470759	1.29238e-05
0.471126	1.28652e-05
0.471494	1.28254e-05
0.471861	1.28035e-05
0.472229	1.27981e-05
0.472596	1.28081e-05
0.472964	1.28323e-05
0.473331	1.28695e-05
0.473699	1.29184e-05
0.474066	1.29779e-05
0.474434	1.30468e-05
0.474801	1.31242e-05
0.475169	1.32089e-05
0.475536	1.33001e-05
0.475904	1.33968e-05
0.476271	1.34983e-05
0.476639	1.36038e-05
0.477006	1.37127e-05
0.477374	1.38244e-05
0.477741	1.39387e-05
0.478109	1.40552e-05
0.478476	1.41741e-05
0.478844	1.42955e-05
0.479211	1.44198e-05
0.479579	1.45478e-05
0.479946	1.46801e-05
0.480314	1.4818e-05
0.480681	1.49626e-05
0.481049	1.5115e-05
0.481416	1.52767e-05
0.481784	1.54487e-05
0.482151	1.56324e-05
0.482519	1.58285e-05
0.482886	1.60379e-05
0.483254	1.62607e-05
0.483621	1.64971e-05
0.483989	1.67467e-05
0.484356	1.70086e-05
0.484724	1.72816e-05
0.485091	1.75642e-05
0.485459	1.78545e-05
0.485826	1.81506e-05
0.486194	1.84501e-05
0.486561	1.87511e-05
0.486929	1.90513e-05
0.487296	1.93489e-05
0.487664	1.96427e-05
0.488031	1.99314e-05
0.488398	2.02149e-05
0.488766	2.04932e-05
0.489133	2.07672e-05
0.489501	2.10387e-05
0.489868	2.13097e-05
0.490236	2.15833e-05
0.490603	2.18629e-05
0.490971	2.21523e-05
0.491338	2.24557e-05
0.491706	2.27772e-05
0.492073	2.31212e-05
0.492441	2.34915e-05
0.492808	2.38916e-05
0.493176	2.43245e-05
0.493543	2.47922e-05
0.493911	2.52959e-05
0.494278	2.58357e-05
0.494646	2.64103e-05
0.495013	2.70176e-05
0.495381	2.76539e-05
0.495748	2.83145e-05
0.496116	2.89934e-05
0.496483	2.96835e-05
0.496851	3.0377e-05
0.497218	3.1065e-05
0.497586	3.17385e-05
0.497953	3.23878e-05
0.498321	3.30034e-05
0.498688	3.35759e-05
0.499056	3.40963e-05
0.499423	3.45565e-05
0.499791	3.49494e-05
0.500158	3.52689e-05
0.500526	3.55107e-05
0.500893	3.56717e-05
0.501261	3.5751e-05
0.501628	3.5749e-05
0.501996	3.56685e-05
0.502363	3.55138e-05
0.502731	3.52909e-05
0.503098	3.50078e-05
0.503466	3.46737e-05
0.503833	3.42989e-05
0.504201	3.3895e-05
0.504568	3.34741e-05
0.504936	3.30484e-05
0.505303	3.26305e-05
0.505671	3.22323e-05
0.506038	3.18653e-05
0.506406	3.15399e-05
0.506773	3.12652e-05
0.507141	3.10488e-05
0.507508	3.08969e-05
0.507876	3.08137e-05
0.508243	3.08016e-05
0.508611	3.08614e-05
0.508978	3.09919e-05
0.509346	3.11906e-05
0.509713	3.14534e-05
0.510081	3.1775e-05
0.510448	3.21492e-05
0.510816	3.25694e-05
0.511183	3.30281e-05
0.511551	3.35181e-05
0.511918	3.40323e-05
0.512286	3.45637e-05
0.512653	3.5106e-05
0.513021	3.56536e-05
0.513388	3.62016e-05
0.513756	3.67458e-05
0.514123	3.7283e-05
0.514491	3.78103e-05
0.514858	3.8326e-05
0.515225	3.88283e-05
0.515593	3.93164e-05
0.51596	3.97892e-05
0.516328	4.02462e-05
0.516695	4.06865e-05
0.517063	4.11096e-05
0.51743	4.15145e-05
0.517798	4.19004e-05
0.518165	4.22662e-05
0.518533	4.26109e-05
0.5189	4.29336e-05
0.519268	4.32334e-05
0.519635	4.351e-05
0.520003	4.37633e-05
0.52037	4.39941e-05
0.520738	4.42035e-05
0.521105	4.4394e-05
0.521473	4.45684e-05
0.52184	4.47309e-05
0.522208	4.48862e-05
0.522575	4.50401e-05
0.522943	4.51991e-05
0.52331	4.53702e-05
0.523678	4.5561e-05
0.524045	4.57791e-05
0.524413	4.60325e-05
0.52478	4.63288e-05
0.525148	4.66751e-05
0.525515	4.70782e-05
0.525883	4.7544e-05
0.52625	4.80777e-05
0.526618	4.86832e-05
0.526985	4.93636e-05
0.527353	5.01207e-05
0.52772	5.0955e-05
0.528088	5.18661e-05
0.528455	5.2852e-05
0.528823	5.39097e-05
0.52919	5.5035e-05
0.529558	5.62221e-05
0.529925	5.74645e-05
0.530293	5.87539e-05
0.53066	6.0081e-05
0.531028	6.1435e-05
0.531395	6.2804e-05
0.531763	6.41744e-05
0.53213	6.55315e-05
0.532498	6.68594e-05
0.532865	6.8141e-05
0.533233	6.93584e-05
0.5336	7.04928e-05
0.533968	7.15252e-05
0.534335	7.24366e-05
0.534703	7.32087e-05
0.53507	7.38241e-05
0.535438	7.42671e-05
0.535805	7.45242e-05
0.536173	7.45848e-05
0.53654	7.44416e-05
0.536908	7.40915e-05
0.537275	7.35355e-05
0.537643	7.27793e-05
0.53801	7.18338e-05
0.538378	7.07145e-05
0.538745	6.94417e-05
0.539113	6.80404e-05
0.53948	6.65394e-05
0.539848	6.49707e-05
0.540215	6.33691e-05
0.540583	6.17707e-05
0.54095	6.02123e-05
0.541318	5.87301e-05
0.541685	5.73584e-05
0.542053	5.61291e-05
0.54242	5.50703e-05
0.542787	5.42052e-05
0.543155	5.35519e-05
0.543522	5.31225e-05
0.54389	5.29227e-05
0.544257	5.29519e-05
0.544625	5.32031e-05
0.544992	5.36633e-05
0.54536	5.43139e-05
0.545727	5.51318e-05
0.546095	5.60897e-05
0.546462	5.71576e-05
0.54683	5.83033e-05
0.547197	5.94941e-05
0.547565	6.06977e-05
0.547932	6.18829e-05
0.5483	6.3021e-05
0.548667	6.40864e-05
0.549035	6.50573e-05
0.549402	6.59164e-05
0.54977	6.6651e-05
0.550137	6.72531e-05
0.550505	6.77198e-05
0.550872	6.80524e-05
0.55124	6.82567e-05
0.551607	6.83421e-05
0.551975	6.83212e-05
0.552342	6.8209e-05
0.55271	6.80224e-05
0.553077	6.77791e-05
0.553445	6.74973e-05
0.553812	6.71946e-05
0.55418	6.68879e-05
0.554547	6.65925e-05
0.554915	6.63216e-05
0.555282	6.60863e-05
0.55565	6.58952e-05
0.556017	6.57542e-05
0.556385	6.56668e-05
0.556752	6.56338e-05
0.55712	6.56539e-05
0.557487	6.57237e-05
0.557855	6.58382e-05
0.558222	6.59909e-05
0.55859	6.61746e-05
0.558957	6.63817e-05
0.559325	6.66046e-05
0.559692	6.6836e-05
0.56006	6.70694e-05
0.560427	6.72994e-05
0.560795	6.75221e-05
0.561162	6.7735e-05
0.56153	6.79373e-05
0.561897	6.81299e-05
0.562265	6.83152e-05
0.562632	6.84972e-05
0.563	6.86809e-05
0.563367	6.88724e-05
0.563735	6.90781e-05
0.564102	6.93046e-05
0.56447	6.95583e-05
0.564837	6.98448e-05
0.565205	7.01686e-05
0.565572	7.05326e-05
0.56594	7.09385e-05
0.566307	7.13857e-05
0.566675	7.18721e-05
0.567042	7.23937e-05
0.56741	7.2945e-05
0.567777	7.35194e-05
0.568145	7.41098e-05
0.568512	7.47089e-05
0.56888	7.53101e-05
0.569247	7.59083e-05
0.569614	7.65002e-05
0.569982	7.70855e-05
0.570349	7.76671e-05
0.570717	7.82519e-05
0.571084	7.88508e-05
0.571452	7.94789e-05
0.571819	8.01553e-05
0.572187	8.09028e-05
0.572554	8.17472e-05
0.572922	8.27162e-05
0.573289	8.38385e-05
0.573657	8.51422e-05
0.574024	8.66537e-05
0.574392	8.83957e-05
0.574759	9.03856e-05
0.575127	9.26346e-05
0.575494	9.51455e-05
0.575862	9.79124e-05
0.576229	0.000100919
0.576597	0.000104139
0.576964	0.000107536
0.577332	0.000111062
0.577699	0.000114661
0.578067	0.000118269
0.578434	0.000121817
0.578802	0.000125229
0.579169	0.000128431
0.579537	0.000131349
0.579904	0.000133911
0.580272	0.000136056
0.580639	0.000137729
0.581007	0.000138889
0.581374	0.000139509
0.581742	0.000139579
0.582109	0.000139105
0.582477	0.000138113
0.582844	0.000136644
0.583212	0.000134761
0.583579	0.000132539
0.583947	0.00013007
0.584314	0.000127456
0.584682	0.000124811
0.585049	0.000122252
0.585417	0.000119897
0.585784	0.000117866
0.586152	0.000116272
0.586519	0.000115216
0.586887	0.000114792
0.587254	0.000115075
0.587622	0.000116123
0.587989	0.000117975
0.588357	0.000120648
0.588724	0.000124139
0.589092	0.000128421
0.589459	0.000133448
0.589827	0.000139153
0.590194	0.000145452
0.590562	0.000152245
0.590929	0.000159419
0.591297	0.000166853
0.591664	0.000174416
0.592032	0.000181977
0.592399	0.000189404
0.592767	0.000196568
0.593134	0.000203346
0.593502	0.000209625
0.593869	0.000215302
0.594237	0.000220286
0.594604	0.000224504
0.594972	0.000227897
0.595339	0.00023042
0.595707	0.000232049
0.596074	0.000232772
0.596441	0.000232596
0.596809	0.000231542
0.597176	0.000229644
0.597544	0.000226949
0.597911	0.000223516
0.598279	0.000219412
0.598646	0.000214712
0.599014	0.000209496
0.599381	0.000203851
0.599749	0.000197863
0.600116	0.000191621
0.600484	0.000185211
0.600851	0.000178719
0.601219	0.000172226
0.601586	0.000165808
0.601954	0.000159535
0.602321	0.000153471
0.602689	0.000147672
0.603056	0.000142184
0.603424	0.000137046
0.603791	0.000132288
0.604159	0.00012793
0.604526	0.000123984
0.604894	0.000120454
0.605261	0.000117335
0.605629	0.000114615
0.605996	0.000112276
0.606364	0.000110296
0.606731	0.000108648
0.607099	0.000107302
0.607466	0.000106229
0.607834	0.0001054
0.608201	0.000104785
0.608569	0.000104361
0.608936	0.000104109
0.609304	0.000104013
0.609671	0.000104065
0.610039	0.000104265
0.610406	0.000104618
0.610774	0.000105138
0.611141	0.000105844
0.611509	0.000106761
0.611876	0.000107921
0.612244	0.000109356
0.612611	0.000111101
0.612979	0.00011319
0.613346	0.000115656
0.613714	0.000118526
0.614081	0.00012182
0.614449	0.000125552
0.614816	0.000129724
0.615184	0.000134325
0.615551	0.000139335
0.615919	0.000144717
0.616286	0.000150423
0.616654	0.000156392
0.617021	0.00016255
0.617389	0.000168815
0.617756	0.000175093
0.618124	0.000181288
0.618491	0.000187297
0.618859	0.00019302
0.619226	0.000198358
0.619594	0.000203218
0.619961	0.000207516
0.620329	0.000211181
0.620696	0.000214154
0.621064	0.000216395
0.621431	0.000217878
0.621799	0.000218598
0.622166	0.000218568
0.622534	0.000217818
0.622901	0.000216398
0.623269	0.000214371
0.623636	0.000211814
0.624003	0.000208816
0.624371	0.000205473
0.624738	0.000201886
0.625106	0.000198161
0.625473	0.000194399
0.625841	0.000190701
0.626208	0.000187159
0.626576	0.000183858
0.626943	0.000180873
0.627311	0.000178268
0.627678	0.000176096
0.628046	0.000174395
0.628413	0.000173195
0.628781	0.00017251
0.629148	0.000172348
0.629516	0.000172704
0.629883	0.000173567
0.630251	0.000174918
0.630618	0.000176731
0.630986	0.000178977
0.631353	0.000181622
0.631721	0.000184628
0.632088	0.000187954
0.632456	0.000191558
0.632823	0.000195392
0.633191	0.000199409
0.633558	0.000203556
0.633926	0.000207781
0.634293	0.000212026
0.634661	0.000216233
0.635028	0.000220345
0.635396	0.000224303
0.635763	0.000228052
0.636131	0.000231538
0.636498	0.000234718
0.636866	0.000237556
0.637233	0.000240027
0.637601	0.000242123
0.637968	0.000243852
0.638336	0.000245241
0.638703	0.000246339
0.639071	0.000247216
0.639438	0.000247964
0.639806	0.000248695
0.640173	0.000249541
0.640541	0.000250647
0.640908	0.000252169
0.641276	0.000254269
0.641643	0.000257107
0.642011	0.000260834
0.642378	0.000265586
0.642746	0.000271477
0.643113	0.00027859
0.643481	0.000286973
0.643848	0.00029663
0.644216	0.000307522
0.644583	0.000319562
0.644951	0.000332615
0.645318	0.000346501
0.645686	0.000360996
0.646053	0.000375841
0.646421	0.000390747
0.646788	0.000405409
0.647156	0.000419511
0.647523	0.000432743
0.647891	0.00044481
0.648258	0.000455444
0.648626	0.000464421
0.648993	0.000471561
0.649361	0.000476749
0.649728	0.000479931
0.650096	0.000481125
0.650463	0.000480419
0.65083	0.00047797
0.651198	0.000474
0.651565	0.000468789
0.651933	0.000462662
0.6523	0.000455982
0.652668	0.000449133
0.653035	0.000442503
0.653403	0.000436473
0.65377	0.000431399
0.654138	0.000427599
0.654505	0.000425338
0.654873	0.000424816
0.65524	0.000426165
0.655608	0.000429438
0.655975	0.000434609
0.656343	0.000441572
0.65671	0.000450149
0.657078	0.000460091
0.657445	0.000471095
0.657813	0.00048281
0.65818	0.000494855
0.658548	0.000506832
0.658915	0.00051834
0.659283	0.000528994
0.65965	0.000538436
0.660018	0.000546349
0.660385	0.000552468
0.660753	0.000556587
0.66112	0.000558567
0.661488	0.000558336
0.661855	0.000555892
0.662223	0.000551299
0.66259	0.000544679
0.662958	0.000536211
0.663325	0.000526114
0.663693	0.000514643
0.66406	0.000502076
0.664428	0.000488702
0.664795	0.00047481
0.665163	0.000460682
0.66553	0.000446582
0.665898	0.000432749
0.666265	0.000419393
0.666633	0.000406692
0.667	0.000394789
0.667368	0.000383793
0.667735	0.000373784
0.668103	0.000364809
0.66847	0.000356894
0.668838	0.000350045
0.669205	0.000344252
0.669573	0.000339496
0.66994	0.000335752
0.670308	0.000332995
0.670675	0.000331197
0.671043	0.000330335
0.67141	0.000330388
0.671778	0.000331338
0.672145	0.000333165
0.672513	0.000335851
0.67288	0.000339371
0.673248	0.000343694
0.673615	0.000348776
0.673983	0.000354564
0.67435	0.000360988
0.674718	0.000367962
0.675085	0.000375383
0.675453	0.000383135
0.67582	0.000391084
0.676188	0.000399091
0.676555	0.000407005
0.676923	0.000414675
0.67729	0.000421953
0.677658	0.000428696
0.678025	0.000434777
0.678392	0.000440083
0.67876	0.000444525
0.679127	0.000448036
0.679495	0.000450577
0.679862	0.000452135
0.68023	0.000452723
0.680597	0.000452381
0.680965	0.000451168
0.681332	0.000449163
0.6817	0.000446457
0.682067	0.000443151
0.682435	0.000439346
0.682802	0.000435144
0.68317	0.000430636
0.683537	0.000425904
0.683905	0.000421013
0.684272	0.00041601
0.68464	0.000410926
0.685007	0.000405768
0.685375	0.00040053
0.685742	0.000395186
0.68611	0.0003897
0.686477	0.000384028
0.686845	0.000378118
0.687212	0.000371923
0.68758	0.000365398
0.687947	0.000358508
0.688315	0.000351232
0.688682	0.000343565
0.68905	0.00033552
0.689417	0.00032713
0.689785	0.000318448
0.690152	0.000309544
0.69052	0.000300508
0.690887	0.00029144
0.691255	0.000282453
0.691622	0.000273666
0.69199	0.000265198
0.692357	0.000257168
0.692725	0.000249687
0.693092	0.000242857
0.69346	0.000236766
0.693827	0.000231484
0.694195	0.000227066
0.694562	0.000223547
0.69493	0.000220943
0.695297	0.000219252
0.695665	0.000218453
0.696032	0.000218514
0.6964	0.000219386
0.696767	0.000221013
0.697135	0.000223329
0.697502	0.000226263
0.69787	0.000229744
0.698237	0.000233696
0.698605	0.000238048
0.698972	0.000242728
0.69934	0.000247669
0.699707	0.000252805
0.700075	0.000258077
0.700442	0.000263425
0.70081	0.000268793
0.701177	0.000274127
0.701545	0.000279373
0.701912	0.000284479
0.70228	0.000289393
0.702647	0.000294061
0.703015	0.000298433
0.703382	0.000302458
0.70375	0.000306087
0.704117	0.000309276
0.704485	0.000311982
0.704852	0.000314171
0.705219	0.000315816
0.705587	0.000316896
0.705954	0.000317403
0.706322	0.000317337
0.706689	0.00031671
0.707057	0.000315545
0.707424	0.000313874
0.707792	0.000311739
0.708159	0.00030919
0.708527	0.000306283
0.708894	0.000303077
0.709262	0.000299631
0.709629	0.000296007
0.709997	0.000292259
0.710364	0.000288437
0.710732	0.000284585
0.711099	0.000280735
0.711467	0.000276911
0.711834	0.000273126
0.712202	0.000269382
0.712569	0.000265673
0.712937	0.000261982
0.713304	0.00025829
0.713672	0.00025457
0.714039	0.000250796
0.714407	0.000246941
0.714774	0.000242982
0.715142	0.000238904
0.715509	0.000234698
0.715877	0.000230366
0.716244	0.000225919
0.716612	0.000221383
0.716979	0.000216792
0.717347	0.000212193
0.717714	0.000207641
0.718082	0.000203198
0.718449	0.000198932
0.718817	0.000194912
0.719184	0.000191205
0.719552	0.000187876
0.719919	0.000184981
0.720287	0.000182564
0.720654	0.000180659
0.721022	0.000179284
0.721389	0.00017844
0.721757	0.000178111
0.722124	0.000178267
0.722492	0.000178858
0.722859	0.00017982
0.723227	0.000181079
0.723594	0.000182549
0.723962	0.000184137
0.724329	0.000185746
0.724697	0.000187282
0.725064	0.000188651
0.725432	0.000189769
0.725799	0.00019056
0.726167	0.000190963
0.726534	0.00019093
0.726902	0.00019043
0.727269	0.000189451
0.727637	0.000187995
0.728004	0.000186083
0.728372	0.000183753
0.728739	0.000181055
0.729107	0.000178049
0.729474	0.000174808
0.729842	0.000171406
0.730209	0.000167924
0.730577	0.00016444
0.730944	0.00016103
0.731312	0.000157763
0.731679	0.0001547
0.732046	0.000151892
0.732414	0.000149379
0.732781	0.000147186
0.733149	0.000145327
0.733516	0.000143803
0.733884	0.000142603
0.734251	0.000141705
0.734619	0.000141076
0.734986	0.000140678
