# Frequency (eV) 	 HHG Real 	 Imaginary
0	0
0.000367493	1.73586e-12
0.000734986	7.09564e-12
0.00110248	1.65359e-11
0.00146997	3.08175e-11
0.00183747	5.10058e-11
0.00220496	7.84702e-11
0.00257245	1.14885e-10
0.00293995	1.62228e-10
0.00330744	2.22782e-10
0.00367493	2.99133e-10
0.00404243	3.94172e-10
0.00440992	5.11095e-10
0.00477741	6.53401e-10
0.00514491	8.24892e-10
0.0055124	1.02968e-09
0.00587989	1.27216e-09
0.00624738	1.55707e-09
0.00661488	1.88942e-09
0.00698237	2.27452e-09
0.00734986	2.71802e-09
0.00771736	3.22583e-09
0.00808485	3.80419e-09
0.00845234	4.45964e-09
0.00881984	5.19901e-09
0.00918733	6.02946e-09
0.00955482	6.95842e-09
0.00992232	7.99365e-09
0.0102898	9.14321e-09
0.0106573	1.04154e-08
0.0110248	1.1819e-08
0.0113923	1.33629e-08
0.0117598	1.50563e-08
0.0121273	1.69088e-08
0.0124948	1.89304e-08
0.0128623	2.11311e-08
0.0132298	2.35214e-08
0.0135972	2.61122e-08
0.0139647	2.89144e-08
0.0143322	3.19396e-08
0.0146997	3.51993e-08
0.0150672	3.87055e-08
0.0154347	4.24705e-08
0.0158022	4.6507e-08
0.0161697	5.08277e-08
0.0165372	5.54459e-08
0.0169047	6.03751e-08
0.0172722	6.5629e-08
0.0176397	7.12218e-08
0.0180072	7.71679e-08
0.0183747	8.34818e-08
0.0187422	9.01787e-08
0.0191096	9.72738e-08
0.0194771	1.04783e-07
0.0198446	1.12721e-07
0.0202121	1.21106e-07
0.0205796	1.29953e-07
0.0209471	1.39279e-07
0.0213146	1.49102e-07
0.0216821	1.59438e-07
0.0220496	1.70305e-07
0.0224171	1.81722e-07
0.0227846	1.93707e-07
0.0231521	2.06277e-07
0.0235196	2.19453e-07
0.0238871	2.33254e-07
0.0242546	2.47698e-07
0.024622	2.62806e-07
0.0249895	2.78597e-07
0.025357	2.95093e-07
0.0257245	3.12313e-07
0.026092	3.3028e-07
0.0264595	3.49013e-07
0.026827	3.68535e-07
0.0271945	3.88868e-07
0.027562	4.10033e-07
0.0279295	4.32054e-07
0.028297	4.54952e-07
0.0286645	4.78752e-07
0.029032	5.03477e-07
0.0293995	5.29149e-07
0.029767	5.55794e-07
0.0301344	5.83435e-07
0.0305019	6.12098e-07
0.0308694	6.41806e-07
0.0312369	6.72585e-07
0.0316044	7.04462e-07
0.0319719	7.3746e-07
0.0323394	7.71608e-07
0.0327069	8.0693e-07
0.0330744	8.43454e-07
0.0334419	8.81206e-07
0.0338094	9.20215e-07
0.0341769	9.60507e-07
0.0345444	1.00211e-06
0.0349119	1.04505e-06
0.0352793	1.08936e-06
0.0356468	1.13507e-06
0.0360143	1.18221e-06
0.0363818	1.2308e-06
0.0367493	1.28087e-06
0.0371168	1.33246e-06
0.0374843	1.3856e-06
0.0378518	1.44031e-06
0.0382193	1.49663e-06
0.0385868	1.55459e-06
0.0389543	1.61422e-06
0.0393218	1.67555e-06
0.0396893	1.73862e-06
0.0400568	1.80345e-06
0.0404243	1.87008e-06
0.0407917	1.93855e-06
0.0411592	2.00888e-06
0.0415267	2.08111e-06
0.0418942	2.15527e-06
0.0422617	2.2314e-06
0.0426292	2.30954e-06
0.0429967	2.38971e-06
0.0433642	2.47196e-06
0.0437317	2.55631e-06
0.0440992	2.64281e-06
0.0444667	2.7315e-06
0.0448342	2.82239e-06
0.0452017	2.91555e-06
0.0455692	3.01099e-06
0.0459367	3.10877e-06
0.0463041	3.20891e-06
0.0466716	3.31146e-06
0.0470391	3.41645e-06
0.0474066	3.52392e-06
0.0477741	3.63392e-06
0.0481416	3.74647e-06
0.0485091	3.86163e-06
0.0488766	3.97943e-06
0.0492441	4.09991e-06
0.0496116	4.22312e-06
0.0499791	4.34909e-06
0.0503466	4.47786e-06
0.0507141	4.60948e-06
0.0510816	4.74399e-06
0.0514491	4.88143e-06
0.0518165	5.02184e-06
0.052184	5.16527e-06
0.0525515	5.31177e-06
0.052919	5.46137e-06
0.0532865	5.61412e-06
0.053654	5.77006e-06
0.0540215	5.92924e-06
0.054389	6.0917e-06
0.0547565	6.25749e-06
0.055124	6.42666e-06
0.0554915	6.59925e-06
0.055859	6.77531e-06
0.0562265	6.95488e-06
0.056594	7.13802e-06
0.0569614	7.32476e-06
0.0573289	7.51517e-06
0.0576964	7.70928e-06
0.0580639	7.90714e-06
0.0584314	8.10881e-06
0.0587989	8.31434e-06
0.0591664	8.52377e-06
0.0595339	8.73715e-06
0.0599014	8.95454e-06
0.0602689	9.17598e-06
0.0606364	9.40153e-06
0.0610039	9.63124e-06
0.0613714	9.86516e-06
0.0617389	1.01033e-05
0.0621064	1.03459e-05
0.0624738	1.05927e-05
0.0628413	1.0844e-05
0.0632088	1.10998e-05
0.0635763	1.13601e-05
0.0639438	1.1625e-05
0.0643113	1.18945e-05
0.0646788	1.21688e-05
0.0650463	1.24477e-05
0.0654138	1.27315e-05
0.0657813	1.30202e-05
0.0661488	1.33138e-05
0.0665163	1.36124e-05
0.0668838	1.3916e-05
0.0672513	1.42247e-05
0.0676188	1.45386e-05
0.0679862	1.48576e-05
0.0683537	1.5182e-05
0.0687212	1.55117e-05
0.0690887	1.58468e-05
0.0694562	1.61873e-05
0.0698237	1.65334e-05
0.0701912	1.68851e-05
0.0705587	1.72424e-05
0.0709262	1.76054e-05
0.0712937	1.79742e-05
0.0716612	1.83488e-05
0.0720287	1.87293e-05
0.0723962	1.91158e-05
0.0727637	1.95083e-05
0.0731312	1.99069e-05
0.0734986	2.03116e-05
0.0738661	2.07226e-05
0.0742336	2.11399e-05
0.0746011	2.15635e-05
0.0749686	2.19935e-05
0.0753361	2.24301e-05
0.0757036	2.28732e-05
0.0760711	2.3323e-05
0.0764386	2.37794e-05
0.0768061	2.42426e-05
0.0771736	2.47127e-05
0.0775411	2.51897e-05
0.0779086	2.56736e-05
0.0782761	2.61647e-05
0.0786435	2.66628e-05
0.079011	2.71682e-05
0.0793785	2.76808e-05
0.079746	2.82008e-05
0.0801135	2.87282e-05
0.080481	2.92631e-05
0.0808485	2.98056e-05
0.081216	3.03558e-05
0.0815835	3.09136e-05
0.081951	3.14793e-05
0.0823185	3.20529e-05
0.082686	3.26344e-05
0.0830535	3.3224e-05
0.083421	3.38216e-05
0.0837885	3.44275e-05
0.0841559	3.50417e-05
0.0845234	3.56642e-05
0.0848909	3.62952e-05
0.0852584	3.69346e-05
0.0856259	3.75827e-05
0.0859934	3.82395e-05
0.0863609	3.89051e-05
0.0867284	3.95795e-05
0.0870959	4.02628e-05
0.0874634	4.09552e-05
0.0878309	4.16567e-05
0.0881984	4.23673e-05
0.0885659	4.30873e-05
0.0889334	4.38166e-05
0.0893009	4.45554e-05
0.0896683	4.53038e-05
0.0900358	4.60618e-05
0.0904033	4.68295e-05
0.0907708	4.7607e-05
0.0911383	4.83944e-05
0.0915058	4.91918e-05
0.0918733	4.99994e-05
0.0922408	5.08171e-05
0.0926083	5.16451e-05
0.0929758	5.24834e-05
0.0933433	5.33322e-05
0.0937108	5.41916e-05
0.0940783	5.50616e-05
0.0944458	5.59424e-05
0.0948133	5.68341e-05
0.0951807	5.77367e-05
0.0955482	5.86503e-05
0.0959157	5.95751e-05
0.0962832	6.05111e-05
0.0966507	6.14584e-05
0.0970182	6.24172e-05
0.0973857	6.33876e-05
0.0977532	6.43695e-05
0.0981207	6.53633e-05
0.0984882	6.63689e-05
0.0988557	6.73864e-05
0.0992232	6.8416e-05
0.0995907	6.94578e-05
0.0999582	7.05118e-05
0.100326	7.15782e-05
0.100693	7.26571e-05
0.101061	7.37486e-05
0.101428	7.48528e-05
0.101796	7.59698e-05
0.102163	7.70997e-05
0.102531	7.82426e-05
0.102898	7.93987e-05
0.103266	8.0568e-05
0.103633	8.17507e-05
0.104001	8.29468e-05
0.104368	8.41566e-05
0.104736	8.538e-05
0.105103	8.66173e-05
0.105471	8.78684e-05
0.105838	8.91337e-05
0.106206	9.04131e-05
0.106573	9.17068e-05
0.106941	9.30149e-05
0.107308	9.43375e-05
0.107676	9.56747e-05
0.108043	9.70267e-05
0.108411	9.83936e-05
0.108778	9.97755e-05
0.109145	0.000101173
0.109513	0.000102585
0.10988	0.000104012
0.110248	0.000105456
0.110615	0.000106914
0.110983	0.000108389
0.11135	0.000109879
0.111718	0.000111386
0.112085	0.000112908
0.112453	0.000114447
0.11282	0.000116002
0.113188	0.000117574
0.113555	0.000119162
0.113923	0.000120767
0.11429	0.000122389
0.114658	0.000124028
0.115025	0.000125684
0.115393	0.000127358
0.11576	0.000129049
0.116128	0.000130757
0.116495	0.000132484
0.116863	0.000134228
0.11723	0.00013599
0.117598	0.00013777
0.117965	0.000139569
0.118333	0.000141386
0.1187	0.000143221
0.119068	0.000145075
0.119435	0.000146948
0.119803	0.00014884
0.12017	0.000150752
0.120538	0.000152682
0.120905	0.000154632
0.121273	0.000156601
0.12164	0.00015859
0.122008	0.000160599
0.122375	0.000162628
0.122743	0.000164677
0.12311	0.000166747
0.123478	0.000168837
0.123845	0.000170947
0.124213	0.000173078
0.12458	0.000175231
0.124948	0.000177404
0.125315	0.000179598
0.125683	0.000181814
0.12605	0.000184051
0.126418	0.00018631
0.126785	0.000188591
0.127153	0.000190894
0.12752	0.000193219
0.127888	0.000195566
0.128255	0.000197936
0.128623	0.000200329
0.12899	0.000202744
0.129358	0.000205182
0.129725	0.000207643
0.130093	0.000210128
0.13046	0.000212636
0.130828	0.000215168
0.131195	0.000217723
0.131563	0.000220303
0.13193	0.000222906
0.132298	0.000225534
0.132665	0.000228186
0.133033	0.000230863
0.1334	0.000233565
0.133768	0.000236292
0.134135	0.000239044
0.134503	0.000241821
0.13487	0.000244624
0.135238	0.000247452
0.135605	0.000250306
0.135972	0.000253186
0.13634	0.000256093
0.136707	0.000259025
0.137075	0.000261985
0.137442	0.000264971
0.13781	0.000267984
0.138177	0.000271024
0.138545	0.000274091
0.138912	0.000277186
0.13928	0.000280309
0.139647	0.000283459
0.140015	0.000286637
0.140382	0.000289844
0.14075	0.000293079
0.141117	0.000296342
0.141485	0.000299634
0.141852	0.000302955
0.14222	0.000306306
0.142587	0.000309685
0.142955	0.000313094
0.143322	0.000316533
0.14369	0.000320002
0.144057	0.000323501
0.144425	0.00032703
0.144792	0.00033059
0.14516	0.00033418
0.145527	0.000337801
0.145895	0.000341453
0.146262	0.000345137
0.14663	0.000348852
0.146997	0.000352599
0.147365	0.000356377
0.147732	0.000360188
0.1481	0.000364031
0.148467	0.000367906
0.148835	0.000371815
0.149202	0.000375756
0.14957	0.00037973
0.149937	0.000383737
0.150305	0.000387778
0.150672	0.000391853
0.15104	0.000395961
0.151407	0.000400104
0.151775	0.000404281
0.152142	0.000408493
0.15251	0.000412739
0.152877	0.000417021
0.153245	0.000421337
0.153612	0.00042569
0.15398	0.000430077
0.154347	0.000434501
0.154715	0.00043896
0.155082	0.000443456
0.15545	0.000447989
0.155817	0.000452558
0.156185	0.000457164
0.156552	0.000461808
0.15692	0.000466488
0.157287	0.000471207
0.157655	0.000475963
0.158022	0.000480757
0.15839	0.00048559
0.158757	0.000490461
0.159125	0.000495371
0.159492	0.00050032
0.15986	0.000505308
0.160227	0.000510335
0.160595	0.000515402
0.160962	0.00052051
0.16133	0.000525657
0.161697	0.000530845
0.162065	0.000536073
0.162432	0.000541342
0.162799	0.000546653
0.163167	0.000552004
0.163534	0.000557397
0.163902	0.000562832
0.164269	0.00056831
0.164637	0.000573829
0.165004	0.000579391
0.165372	0.000584996
0.165739	0.000590644
0.166107	0.000596335
0.166474	0.000602069
0.166842	0.000607848
0.167209	0.00061367
0.167577	0.000619537
0.167944	0.000625449
0.168312	0.000631405
0.168679	0.000637406
0.169047	0.000643453
0.169414	0.000649545
0.169782	0.000655683
0.170149	0.000661867
0.170517	0.000668097
0.170884	0.000674374
0.171252	0.000680698
0.171619	0.000687069
0.171987	0.000693488
0.172354	0.000699954
0.172722	0.000706468
0.173089	0.00071303
0.173457	0.000719641
0.173824	0.000726301
0.174192	0.000733009
0.174559	0.000739767
0.174927	0.000746575
0.175294	0.000753432
0.175662	0.00076034
0.176029	0.000767298
0.176397	0.000774306
0.176764	0.000781366
0.177132	0.000788477
0.177499	0.000795639
0.177867	0.000802853
0.178234	0.00081012
0.178602	0.000817438
0.178969	0.00082481
0.179337	0.000832234
0.179704	0.000839712
0.180072	0.000847244
0.180439	0.000854829
0.180807	0.000862468
0.181174	0.000870162
0.181542	0.000877911
0.181909	0.000885715
0.182277	0.000893574
0.182644	0.000901489
0.183012	0.000909459
0.183379	0.000917487
0.183747	0.00092557
0.184114	0.000933711
0.184482	0.000941909
0.184849	0.000950164
0.185217	0.000958478
0.185584	0.000966849
0.185952	0.00097528
0.186319	0.000983768
0.186687	0.000992316
0.187054	0.00100092
0.187422	0.00100959
0.187789	0.00101832
0.188157	0.00102711
0.188524	0.00103596
0.188892	0.00104487
0.189259	0.00105384
0.189627	0.00106287
0.189994	0.00107197
0.190361	0.00108112
0.190729	0.00109034
0.191096	0.00109963
0.191464	0.00110898
0.191831	0.00111839
0.192199	0.00112786
0.192566	0.0011374
0.192934	0.00114701
0.193301	0.00115668
0.193669	0.00116641
0.194036	0.00117622
0.194404	0.00118608
0.194771	0.00119602
0.195139	0.00120602
0.195506	0.00121609
0.195874	0.00122623
0.196241	0.00123644
0.196609	0.00124671
0.196976	0.00125705
0.197344	0.00126747
0.197711	0.00127795
0.198079	0.0012885
0.198446	0.00129913
0.198814	0.00130982
0.199181	0.00132059
0.199549	0.00133142
0.199916	0.00134233
0.200284	0.00135332
0.200651	0.00136437
0.201019	0.0013755
0.201386	0.0013867
0.201754	0.00139798
0.202121	0.00140933
0.202489	0.00142075
0.202856	0.00143226
0.203224	0.00144383
0.203591	0.00145549
0.203959	0.00146722
0.204326	0.00147902
0.204694	0.00149091
0.205061	0.00150287
0.205429	0.00151491
0.205796	0.00152703
0.206164	0.00153923
0.206531	0.00155151
0.206899	0.00156387
0.207266	0.00157631
0.207634	0.00158883
0.208001	0.00160143
0.208369	0.00161412
0.208736	0.00162688
0.209104	0.00163973
0.209471	0.00165267
0.209839	0.00166569
0.210206	0.00167879
0.210574	0.00169197
0.210941	0.00170525
0.211309	0.0017186
0.211676	0.00173205
0.212044	0.00174558
0.212411	0.0017592
0.212779	0.00177291
0.213146	0.0017867
0.213514	0.00180058
0.213881	0.00181456
0.214249	0.00182862
0.214616	0.00184277
0.214984	0.00185702
0.215351	0.00187135
0.215719	0.00188578
0.216086	0.0019003
0.216454	0.00191491
0.216821	0.00192962
0.217188	0.00194442
0.217556	0.00195932
0.217923	0.00197431
0.218291	0.00198939
0.218658	0.00200458
0.219026	0.00201986
0.219393	0.00203523
0.219761	0.00205071
0.220128	0.00206628
0.220496	0.00208195
0.220863	0.00209773
0.221231	0.0021136
0.221598	0.00212957
0.221966	0.00214565
0.222333	0.00216183
0.222701	0.00217811
0.223068	0.00219449
0.223436	0.00221098
0.223803	0.00222757
0.224171	0.00224427
0.224538	0.00226107
0.224906	0.00227798
0.225273	0.002295
0.225641	0.00231213
0.226008	0.00232936
0.226376	0.0023467
0.226743	0.00236415
0.227111	0.00238171
0.227478	0.00239939
0.227846	0.00241717
0.228213	0.00243507
0.228581	0.00245308
0.228948	0.0024712
0.229316	0.00248944
0.229683	0.00250779
0.230051	0.00252626
0.230418	0.00254485
0.230786	0.00256355
0.231153	0.00258237
0.231521	0.00260131
0.231888	0.00262036
0.232256	0.00263954
0.232623	0.00265884
0.232991	0.00267826
0.233358	0.0026978
0.233726	0.00271747
0.234093	0.00273725
0.234461	0.00275717
0.234828	0.00277721
0.235196	0.00279737
0.235563	0.00281766
0.235931	0.00283808
0.236298	0.00285862
0.236666	0.0028793
0.237033	0.0029001
0.237401	0.00292104
0.237768	0.00294211
0.238136	0.00296331
0.238503	0.00298464
0.238871	0.00300611
0.239238	0.00302771
0.239606	0.00304944
0.239973	0.00307131
0.240341	0.00309332
0.240708	0.00311547
0.241076	0.00313776
0.241443	0.00316018
0.241811	0.00318275
0.242178	0.00320546
0.242546	0.00322831
0.242913	0.0032513
0.243281	0.00327444
0.243648	0.00329772
0.244015	0.00332115
0.244383	0.00334472
0.24475	0.00336845
0.245118	0.00339232
0.245485	0.00341634
0.245853	0.00344051
0.24622	0.00346483
0.246588	0.0034893
0.246955	0.00351393
0.247323	0.00353871
0.24769	0.00356365
0.248058	0.00358874
0.248425	0.00361399
0.248793	0.00363939
0.24916	0.00366496
0.249528	0.00369069
0.249895	0.00371657
0.250263	0.00374262
0.25063	0.00376883
0.250998	0.00379521
0.251365	0.00382175
0.251733	0.00384846
0.2521	0.00387533
0.252468	0.00390237
0.252835	0.00392958
0.253203	0.00395696
0.25357	0.00398451
0.253938	0.00401224
0.254305	0.00404013
0.254673	0.0040682
0.25504	0.00409645
0.255408	0.00412487
0.255775	0.00415347
0.256143	0.00418225
0.25651	0.00421121
0.256878	0.00424035
0.257245	0.00426968
0.257613	0.00429918
0.25798	0.00432887
0.258348	0.00435875
0.258715	0.00438881
0.259083	0.00441906
0.25945	0.00444949
0.259818	0.00448012
0.260185	0.00451094
0.260553	0.00454195
0.26092	0.00457316
0.261288	0.00460456
0.261655	0.00463616
0.262023	0.00466795
0.26239	0.00469994
0.262758	0.00473213
0.263125	0.00476452
0.263493	0.00479712
0.26386	0.00482992
0.264228	0.00486292
0.264595	0.00489613
0.264963	0.00492954
0.26533	0.00496317
0.265698	0.004997
0.266065	0.00503105
0.266433	0.0050653
0.2668	0.00509977
0.267168	0.00513446
0.267535	0.00516936
0.267903	0.00520448
0.26827	0.00523982
0.268638	0.00527538
0.269005	0.00531116
0.269373	0.00534716
0.26974	0.00538339
0.270108	0.00541984
0.270475	0.00545652
0.270843	0.00549343
0.27121	0.00553056
0.271577	0.00556793
0.271945	0.00560554
0.272312	0.00564337
0.27268	0.00568144
0.273047	0.00571975
0.273415	0.0057583
0.273782	0.00579708
0.27415	0.00583611
0.274517	0.00587538
0.274885	0.0059149
0.275252	0.00595466
0.27562	0.00599467
0.275987	0.00603492
0.276355	0.00607543
0.276722	0.00611619
0.27709	0.0061572
0.277457	0.00619847
0.277825	0.00623999
0.278192	0.00628177
0.27856	0.00632381
0.278927	0.00636611
0.279295	0.00640868
0.279662	0.0064515
0.28003	0.0064946
0.280397	0.00653796
0.280765	0.00658159
0.281132	0.00662549
0.2815	0.00666966
0.281867	0.00671411
0.282235	0.00675883
0.282602	0.00680383
0.28297	0.00684911
0.283337	0.00689467
0.283705	0.00694051
0.284072	0.00698664
0.28444	0.00703305
0.284807	0.00707974
0.285175	0.00712673
0.285542	0.00717401
0.28591	0.00722158
0.286277	0.00726944
0.286645	0.0073176
0.287012	0.00736606
0.28738	0.00741482
0.287747	0.00746387
0.288115	0.00751324
0.288482	0.0075629
0.28885	0.00761288
0.289217	0.00766316
0.289585	0.00771375
0.289952	0.00776465
0.29032	0.00781587
0.290687	0.00786741
0.291055	0.00791926
0.291422	0.00797143
0.29179	0.00802392
0.292157	0.00807674
0.292525	0.00812988
0.292892	0.00818335
0.29326	0.00823715
0.293627	0.00829128
0.293995	0.00834574
0.294362	0.00840054
0.29473	0.00845567
0.295097	0.00851115
0.295465	0.00856696
0.295832	0.00862312
0.2962	0.00867962
0.296567	0.00873647
0.296935	0.00879367
0.297302	0.00885122
0.29767	0.00890913
0.298037	0.00896739
0.298404	0.009026
0.298772	0.00908498
0.299139	0.00914432
0.299507	0.00920402
0.299874	0.00926409
0.300242	0.00932452
0.300609	0.00938533
0.300977	0.00944651
0.301344	0.00950806
0.301712	0.00956999
0.302079	0.0096323
0.302447	0.00969499
0.302814	0.00975806
0.303182	0.00982152
0.303549	0.00988536
0.303917	0.0099496
0.304284	0.0100142
0.304652	0.0100793
0.305019	0.0101447
0.305387	0.0102105
0.305754	0.0102767
0.306122	0.0103433
0.306489	0.0104104
0.306857	0.0104778
0.307224	0.0105457
0.307592	0.0106139
0.307959	0.0106826
0.308327	0.0107517
0.308694	0.0108212
0.309062	0.0108912
0.309429	0.0109616
0.309797	0.0110324
0.310164	0.0111036
0.310532	0.0111753
0.310899	0.0112474
0.311267	0.0113199
0.311634	0.0113929
0.312002	0.0114663
0.312369	0.0115402
0.312737	0.0116145
0.313104	0.0116893
0.313472	0.0117645
0.313839	0.0118402
0.314207	0.0119163
0.314574	0.0119929
0.314942	0.01207
0.315309	0.0121475
0.315677	0.0122255
0.316044	0.012304
0.316412	0.012383
0.316779	0.0124624
0.317147	0.0125423
0.317514	0.0126227
0.317882	0.0127036
0.318249	0.012785
0.318617	0.0128668
0.318984	0.0129492
0.319352	0.0130321
0.319719	0.0131154
0.320087	0.0131993
0.320454	0.0132837
0.320822	0.0133686
0.321189	0.013454
0.321557	0.0135399
0.321924	0.0136264
0.322292	0.0137133
0.322659	0.0138008
0.323027	0.0138888
0.323394	0.0139774
0.323762	0.0140665
0.324129	0.0141561
0.324497	0.0142463
0.324864	0.014337
0.325232	0.0144283
0.325599	0.0145201
0.325966	0.0146124
0.326334	0.0147054
0.326701	0.0147989
0.327069	0.0148929
0.327436	0.0149875
0.327804	0.0150827
0.328171	0.0151785
0.328539	0.0152749
0.328906	0.0153718
0.329274	0.0154693
0.329641	0.0155674
0.330009	0.0156661
0.330376	0.0157654
0.330744	0.0158653
0.331111	0.0159658
0.331479	0.0160669
0.331846	0.0161687
0.332214	0.016271
0.332581	0.016374
0.332949	0.0164775
0.333316	0.0165817
0.333684	0.0166866
0.334051	0.0167921
0.334419	0.0168982
0.334786	0.0170049
0.335154	0.0171123
0.335521	0.0172204
0.335889	0.0173291
0.336256	0.0174384
0.336624	0.0175484
0.336991	0.0176591
0.337359	0.0177705
0.337726	0.0178825
0.338094	0.0179952
0.338461	0.0181086
0.338829	0.0182227
0.339196	0.0183375
0.339564	0.0184529
0.339931	0.0185691
0.340299	0.018686
0.340666	0.0188035
0.341034	0.0189218
0.341401	0.0190408
0.341769	0.0191606
0.342136	0.019281
0.342504	0.0194022
0.342871	0.0195242
0.343239	0.0196468
0.343606	0.0197703
0.343974	0.0198944
0.344341	0.0200193
0.344709	0.020145
0.345076	0.0202715
0.345444	0.0203987
0.345811	0.0205267
0.346179	0.0206554
0.346546	0.020785
0.346914	0.0209153
0.347281	0.0210465
0.347649	0.0211784
0.348016	0.0213112
0.348384	0.0214447
0.348751	0.0215791
0.349119	0.0217143
0.349486	0.0218503
0.349854	0.0219872
0.350221	0.0221248
0.350589	0.0222634
0.350956	0.0224028
0.351324	0.022543
0.351691	0.0226841
0.352059	0.022826
0.352426	0.0229689
0.352793	0.0231126
0.353161	0.0232572
0.353528	0.0234026
0.353896	0.023549
0.354263	0.0236963
0.354631	0.0238444
0.354998	0.0239935
0.355366	0.0241435
0.355733	0.0242945
0.356101	0.0244463
0.356468	0.0245991
0.356836	0.0247529
0.357203	0.0249076
0.357571	0.0250632
0.357938	0.0252198
0.358306	0.0253774
0.358673	0.0255359
0.359041	0.0256955
0.359408	0.025856
0.359776	0.0260175
0.360143	0.02618
0.360511	0.0263435
0.360878	0.0265081
0.361246	0.0266737
0.361613	0.0268402
0.361981	0.0270079
0.362348	0.0271766
0.362716	0.0273463
0.363083	0.0275171
0.363451	0.0276889
0.363818	0.0278618
0.364186	0.0280358
0.364553	0.0282109
0.364921	0.0283871
0.365288	0.0285644
0.365656	0.0287428
0.366023	0.0289223
0.366391	0.0291029
0.366758	0.0292847
0.367126	0.0294676
0.367493	0.0296517
0.367861	0.0298369
0.368228	0.0300233
0.368596	0.0302109
0.368963	0.0303996
0.369331	0.0305896
0.369698	0.0307807
0.370066	0.030973
0.370433	0.0311666
0.370801	0.0313614
0.371168	0.0315574
0.371536	0.0317546
0.371903	0.0319532
0.372271	0.0321529
0.372638	0.0323539
0.373006	0.0325563
0.373373	0.0327599
0.373741	0.0329647
0.374108	0.0331709
0.374476	0.0333784
0.374843	0.0335873
0.375211	0.0337974
0.375578	0.034009
0.375946	0.0342218
0.376313	0.034436
0.376681	0.0346516
0.377048	0.0348686
0.377416	0.035087
0.377783	0.0353067
0.378151	0.0355279
0.378518	0.0357505
0.378886	0.0359745
0.379253	0.0362
0.37962	0.0364269
0.379988	0.0366553
0.380355	0.0368851
0.380723	0.0371164
0.38109	0.0373493
0.381458	0.0375836
0.381825	0.0378194
0.382193	0.0380568
0.38256	0.0382957
0.382928	0.0385362
0.383295	0.0387782
0.383663	0.0390218
0.38403	0.039267
0.384398	0.0395137
0.384765	0.0397621
0.385133	0.0400121
0.3855	0.0402637
0.385868	0.040517
0.386235	0.0407719
0.386603	0.0410284
0.38697	0.0412867
0.387338	0.0415466
0.387705	0.0418082
0.388073	0.0420716
0.38844	0.0423367
0.388808	0.0426035
0.389175	0.042872
0.389543	0.0431424
0.38991	0.0434145
0.390278	0.0436883
0.390645	0.043964
0.391013	0.0442415
0.39138	0.0445209
0.391748	0.044802
0.392115	0.0450851
0.392483	0.04537
0.39285	0.0456567
0.393218	0.0459454
0.393585	0.046236
0.393953	0.0465285
0.39432	0.0468229
0.394688	0.0471193
0.395055	0.0474176
0.395423	0.047718
0.39579	0.0480203
0.396158	0.0483246
0.396525	0.048631
0.396893	0.0489394
0.39726	0.0492498
0.397628	0.0495623
0.397995	0.0498769
0.398363	0.0501936
0.39873	0.0505124
0.399098	0.0508333
0.399465	0.0511563
0.399833	0.0514815
0.4002	0.0518089
0.400568	0.0521385
0.400935	0.0524703
0.401303	0.0528043
0.40167	0.0531405
0.402038	0.053479
0.402405	0.0538197
0.402773	0.0541628
0.40314	0.0545081
0.403508	0.0548558
0.403875	0.0552057
0.404243	0.0555581
0.40461	0.0559128
0.404978	0.0562699
0.405345	0.0566293
0.405713	0.0569912
0.40608	0.0573556
0.406448	0.0577223
0.406815	0.0580916
0.407182	0.0584633
0.40755	0.0588376
0.407917	0.0592143
0.408285	0.0595937
0.408652	0.0599755
0.40902	0.06036
0.409387	0.060747
0.409755	0.0611366
0.410122	0.0615289
0.41049	0.0619238
0.410857	0.0623214
0.411225	0.0627217
0.411592	0.0631247
0.41196	0.0635304
0.412327	0.0639388
0.412695	0.06435
0.413062	0.064764
0.41343	0.0651808
0.413797	0.0656004
0.414165	0.0660228
0.414532	0.0664481
0.4149	0.0668763
0.415267	0.0673074
0.415635	0.0677413
0.416002	0.0681783
0.41637	0.0686182
0.416737	0.069061
0.417105	0.0695069
0.417472	0.0699558
0.41784	0.0704077
0.418207	0.0708627
0.418575	0.0713207
0.418942	0.0717819
0.41931	0.0722462
0.419677	0.0727136
0.420045	0.0731842
0.420412	0.073658
0.42078	0.074135
0.421147	0.0746152
0.421515	0.0750987
0.421882	0.0755854
0.42225	0.0760755
0.422617	0.0765688
0.422985	0.0770655
0.423352	0.0775656
0.42372	0.078069
0.424087	0.0785758
0.424455	0.0790861
0.424822	0.0795998
0.42519	0.080117
0.425557	0.0806377
0.425925	0.0811619
0.426292	0.0816896
0.42666	0.0822209
0.427027	0.0827558
0.427395	0.0832943
0.427762	0.0838365
0.42813	0.0843823
0.428497	0.0849317
0.428865	0.0854849
0.429232	0.0860418
0.4296	0.0866025
0.429967	0.0871669
0.430335	0.0877352
0.430702	0.0883072
0.43107	0.0888831
0.431437	0.0894629
0.431805	0.0900466
0.432172	0.0906342
0.43254	0.0912257
0.432907	0.0918212
0.433275	0.0924207
0.433642	0.0930242
0.434009	0.0936318
0.434377	0.0942434
0.434744	0.0948592
0.435112	0.095479
0.435479	0.096103
0.435847	0.0967312
0.436214	0.0973636
0.436582	0.0980001
0.436949	0.098641
0.437317	0.0992861
0.437684	0.0999355
0.438052	0.100589
0.438419	0.101247
0.438787	0.10191
0.439154	0.102577
0.439522	0.103248
0.439889	0.103924
0.440257	0.104604
0.440624	0.105289
0.440992	0.105978
0.441359	0.106672
0.441727	0.10737
0.442094	0.108073
0.442462	0.108781
0.442829	0.109493
0.443197	0.11021
0.443564	0.110932
0.443932	0.111658
0.444299	0.112389
0.444667	0.113125
0.445034	0.113866
0.445402	0.114612
0.445769	0.115363
0.446137	0.116118
0.446504	0.116879
0.446872	0.117644
0.447239	0.118415
0.447607	0.11919
0.447974	0.11997
0.448342	0.120756
0.448709	0.121547
0.449077	0.122343
0.449444	0.123143
0.449812	0.12395
0.450179	0.124761
0.450547	0.125578
0.450914	0.126399
0.451282	0.127227
0.451649	0.128059
0.452017	0.128897
0.452384	0.12974
0.452752	0.130589
0.453119	0.131443
0.453487	0.132302
0.453854	0.133167
0.454222	0.134038
0.454589	0.134914
0.454957	0.135796
0.455324	0.136683
0.455692	0.137576
0.456059	0.138474
0.456427	0.139379
0.456794	0.140289
0.457162	0.141204
0.457529	0.142126
0.457897	0.143053
0.458264	0.143986
0.458632	0.144925
0.458999	0.14587
0.459367	0.146821
0.459734	0.147778
0.460102	0.148741
0.460469	0.149709
0.460837	0.150684
0.461204	0.151665
0.461571	0.152652
0.461939	0.153645
0.462306	0.154644
0.462674	0.15565
0.463041	0.156661
0.463409	0.157679
0.463776	0.158703
0.464144	0.159733
0.464511	0.16077
0.464879	0.161813
0.465246	0.162862
0.465614	0.163918
0.465981	0.16498
0.466349	0.166049
0.466716	0.167124
0.467084	0.168206
0.467451	0.169294
0.467819	0.170389
0.468186	0.17149
0.468554	0.172598
0.468921	0.173713
0.469289	0.174834
0.469656	0.175962
0.470024	0.177097
0.470391	0.178239
0.470759	0.179387
0.471126	0.180542
0.471494	0.181704
0.471861	0.182873
0.472229	0.184049
0.472596	0.185231
0.472964	0.186421
0.473331	0.187618
0.473699	0.188821
0.474066	0.190032
0.474434	0.19125
0.474801	0.192474
0.475169	0.193706
0.475536	0.194945
0.475904	0.196192
0.476271	0.197445
0.476639	0.198706
0.477006	0.199973
0.477374	0.201249
0.477741	0.202531
0.478109	0.203821
0.478476	0.205118
0.478844	0.206422
0.479211	0.207734
0.479579	0.209054
0.479946	0.210381
0.480314	0.211715
0.480681	0.213057
0.481049	0.214406
0.481416	0.215763
0.481784	0.217127
0.482151	0.218499
0.482519	0.219879
0.482886	0.221266
0.483254	0.222661
0.483621	0.224064
0.483989	0.225474
0.484356	0.226892
0.484724	0.228318
0.485091	0.229752
0.485459	0.231193
0.485826	0.232643
0.486194	0.2341
0.486561	0.235565
0.486929	0.237038
0.487296	0.238519
0.487664	0.240008
0.488031	0.241504
0.488398	0.243009
0.488766	0.244522
0.489133	0.246043
0.489501	0.247572
0.489868	0.249109
0.490236	0.250654
0.490603	0.252207
0.490971	0.253769
0.491338	0.255338
0.491706	0.256916
0.492073	0.258502
0.492441	0.260096
0.492808	0.261699
0.493176	0.263309
0.493543	0.264928
0.493911	0.266555
0.494278	0.268191
0.494646	0.269835
0.495013	0.271487
0.495381	0.273148
0.495748	0.274817
0.496116	0.276494
0.496483	0.27818
0.496851	0.279874
0.497218	0.281577
0.497586	0.283288
0.497953	0.285008
0.498321	0.286736
0.498688	0.288472
0.499056	0.290218
0.499423	0.291971
0.499791	0.293734
0.500158	0.295505
0.500526	0.297284
0.500893	0.299072
0.501261	0.300869
0.501628	0.302674
0.501996	0.304488
0.502363	0.306311
0.502731	0.308143
0.503098	0.309983
0.503466	0.311831
0.503833	0.313689
0.504201	0.315555
0.504568	0.31743
0.504936	0.319314
0.505303	0.321206
0.505671	0.323107
0.506038	0.325017
0.506406	0.326936
0.506773	0.328863
0.507141	0.3308
0.507508	0.332745
0.507876	0.334699
0.508243	0.336662
0.508611	0.338633
0.508978	0.340614
0.509346	0.342603
0.509713	0.344601
0.510081	0.346608
0.510448	0.348624
0.510816	0.350649
0.511183	0.352683
0.511551	0.354725
0.511918	0.356777
0.512286	0.358837
0.512653	0.360906
0.513021	0.362984
0.513388	0.365071
0.513756	0.367167
0.514123	0.369272
0.514491	0.371386
0.514858	0.373508
0.515225	0.37564
0.515593	0.37778
0.51596	0.37993
0.516328	0.382088
0.516695	0.384255
0.517063	0.386431
0.51743	0.388616
0.517798	0.39081
0.518165	0.393013
0.518533	0.395225
0.5189	0.397446
0.519268	0.399675
0.519635	0.401914
0.520003	0.404161
0.52037	0.406417
0.520738	0.408682
0.521105	0.410956
0.521473	0.413239
0.52184	0.415531
0.522208	0.417832
0.522575	0.420141
0.522943	0.422459
0.52331	0.424787
0.523678	0.427122
0.524045	0.429467
0.524413	0.431821
0.52478	0.434183
0.525148	0.436554
0.525515	0.438934
0.525883	0.441323
0.52625	0.443721
0.526618	0.446127
0.526985	0.448542
0.527353	0.450966
0.52772	0.453398
0.528088	0.455839
0.528455	0.458289
0.528823	0.460747
0.52919	0.463214
0.529558	0.46569
0.529925	0.468174
0.530293	0.470667
0.53066	0.473169
0.531028	0.475679
0.531395	0.478198
0.531763	0.480725
0.53213	0.483261
0.532498	0.485805
0.532865	0.488358
0.533233	0.490919
0.5336	0.493488
0.533968	0.496066
0.534335	0.498653
0.534703	0.501248
0.53507	0.503851
0.535438	0.506462
0.535805	0.509082
0.536173	0.51171
0.53654	0.514346
0.536908	0.516991
0.537275	0.519643
0.537643	0.522304
0.53801	0.524973
0.538378	0.52765
0.538745	0.530336
0.539113	0.533029
0.53948	0.53573
0.539848	0.53844
0.540215	0.541157
0.540583	0.543882
0.54095	0.546615
0.541318	0.549356
0.541685	0.552105
0.542053	0.554862
0.54242	0.557627
0.542787	0.560399
0.543155	0.563179
0.543522	0.565967
0.54389	0.568762
0.544257	0.571565
0.544625	0.574376
0.544992	0.577194
0.54536	0.580019
0.545727	0.582852
0.546095	0.585693
0.546462	0.588541
0.54683	0.591396
0.547197	0.594259
0.547565	0.597128
0.547932	0.600006
0.5483	0.60289
0.548667	0.605781
0.549035	0.60868
0.549402	0.611585
0.54977	0.614498
0.550137	0.617418
0.550505	0.620344
0.550872	0.623278
0.55124	0.626218
0.551607	0.629165
0.551975	0.632119
0.552342	0.635079
0.55271	0.638047
0.553077	0.64102
0.553445	0.644001
0.553812	0.646988
0.55418	0.649981
0.554547	0.652981
0.554915	0.655987
0.555282	0.658999
0.55565	0.662018
0.556017	0.665043
0.556385	0.668074
0.556752	0.671111
0.55712	0.674155
0.557487	0.677204
0.557855	0.680259
0.558222	0.68332
0.55859	0.686387
0.558957	0.68946
0.559325	0.692538
0.559692	0.695622
0.56006	0.698712
0.560427	0.701807
0.560795	0.704907
0.561162	0.708013
0.56153	0.711125
0.561897	0.714242
0.562265	0.717364
0.562632	0.720491
0.563	0.723623
0.563367	0.72676
0.563735	0.729903
0.564102	0.73305
0.56447	0.736202
0.564837	0.739359
0.565205	0.742521
0.565572	0.745687
0.56594	0.748858
0.566307	0.752034
0.566675	0.755213
0.567042	0.758398
0.56741	0.761587
0.567777	0.764779
0.568145	0.767977
0.568512	0.771178
0.56888	0.774383
0.569247	0.777593
0.569614	0.780806
0.569982	0.784023
0.570349	0.787244
0.570717	0.790468
0.571084	0.793697
0.571452	0.796928
0.571819	0.800164
0.572187	0.803402
0.572554	0.806644
0.572922	0.80989
0.573289	0.813138
0.573657	0.816389
0.574024	0.819644
0.574392	0.822902
0.574759	0.826162
0.575127	0.829425
0.575494	0.832691
0.575862	0.83596
0.576229	0.839231
0.576597	0.842504
0.576964	0.84578
0.577332	0.849059
0.577699	0.852339
0.578067	0.855622
0.578434	0.858907
0.578802	0.862194
0.579169	0.865482
0.579537	0.868773
0.579904	0.872065
0.580272	0.875359
0.580639	0.878655
0.581007	0.881952
0.581374	0.88525
0.581742	0.88855
0.582109	0.891851
0.582477	0.895153
0.582844	0.898456
0.583212	0.90176
0.583579	0.905065
0.583947	0.908371
0.584314	0.911678
0.584682	0.914985
0.585049	0.918293
0.585417	0.921601
0.585784	0.92491
0.586152	0.928218
0.586519	0.931527
0.586887	0.934837
0.587254	0.938146
0.587622	0.941455
0.587989	0.944764
0.588357	0.948072
0.588724	0.95138
0.589092	0.954688
0.589459	0.957995
0.589827	0.961302
0.590194	0.964607
0.590562	0.967912
0.590929	0.971216
0.591297	0.974519
0.591664	0.977821
0.592032	0.981122
0.592399	0.984421
0.592767	0.987719
0.593134	0.991016
0.593502	0.994311
0.593869	0.997604
0.594237	1.0009
0.594604	1.00418
0.594972	1.00747
0.595339	1.01076
0.595707	1.01404
0.596074	1.01732
0.596441	1.0206
0.596809	1.02388
0.597176	1.02715
0.597544	1.03042
0.597911	1.03369
0.598279	1.03695
0.598646	1.04022
0.599014	1.04348
0.599381	1.04673
0.599749	1.04999
0.600116	1.05323
0.600484	1.05648
0.600851	1.05972
0.601219	1.06296
0.601586	1.0662
0.601954	1.06943
0.602321	1.07266
0.602689	1.07588
0.603056	1.0791
0.603424	1.08231
0.603791	1.08552
0.604159	1.08873
0.604526	1.09193
0.604894	1.09513
0.605261	1.09832
0.605629	1.1015
0.605996	1.10469
0.606364	1.10786
0.606731	1.11104
0.607099	1.1142
0.607466	1.11736
0.607834	1.12052
0.608201	1.12367
0.608569	1.12681
0.608936	1.12995
0.609304	1.13308
0.609671	1.13621
0.610039	1.13933
0.610406	1.14244
0.610774	1.14555
0.611141	1.14865
0.611509	1.15175
0.611876	1.15484
0.612244	1.15792
0.612611	1.16099
0.612979	1.16406
0.613346	1.16712
0.613714	1.17017
0.614081	1.17322
0.614449	1.17626
0.614816	1.17929
0.615184	1.18231
0.615551	1.18533
0.615919	1.18834
0.616286	1.19134
0.616654	1.19433
0.617021	1.19732
0.617389	1.20029
0.617756	1.20326
0.618124	1.20622
0.618491	1.20917
0.618859	1.21212
0.619226	1.21505
0.619594	1.21798
0.619961	1.22089
0.620329	1.2238
0.620696	1.2267
0.621064	1.22959
0.621431	1.23247
0.621799	1.23534
0.622166	1.2382
0.622534	1.24105
0.622901	1.24389
0.623269	1.24672
0.623636	1.24954
0.624003	1.25236
0.624371	1.25516
0.624738	1.25795
0.625106	1.26073
0.625473	1.2635
0.625841	1.26626
0.626208	1.26901
0.626576	1.27175
0.626943	1.27448
0.627311	1.2772
0.627678	1.2799
0.628046	1.2826
0.628413	1.28528
0.628781	1.28796
0.629148	1.29062
0.629516	1.29327
0.629883	1.29591
0.630251	1.29854
0.630618	1.30115
0.630986	1.30375
0.631353	1.30635
0.631721	1.30892
0.632088	1.31149
0.632456	1.31405
0.632823	1.31659
0.633191	1.31912
0.633558	1.32164
0.633926	1.32414
0.634293	1.32664
0.634661	1.32912
0.635028	1.33158
0.635396	1.33404
0.635763	1.33648
0.636131	1.3389
0.636498	1.34132
0.636866	1.34372
0.637233	1.34611
0.637601	1.34848
0.637968	1.35084
0.638336	1.35319
0.638703	1.35552
0.639071	1.35784
0.639438	1.36015
0.639806	1.36244
0.640173	1.36472
0.640541	1.36698
0.640908	1.36923
0.641276	1.37146
0.641643	1.37368
0.642011	1.37589
0.642378	1.37808
0.642746	1.38025
0.643113	1.38242
0.643481	1.38456
0.643848	1.38669
0.644216	1.38881
0.644583	1.39091
0.644951	1.393
0.645318	1.39507
0.645686	1.39712
0.646053	1.39916
0.646421	1.40119
0.646788	1.4032
0.647156	1.40519
0.647523	1.40717
0.647891	1.40913
0.648258	1.41108
0.648626	1.41301
0.648993	1.41492
0.649361	1.41682
0.649728	1.4187
0.650096	1.42057
0.650463	1.42242
0.65083	1.42425
0.651198	1.42607
0.651565	1.42787
0.651933	1.42965
0.6523	1.43142
0.652668	1.43317
0.653035	1.4349
0.653403	1.43662
0.65377	1.43832
0.654138	1.44
0.654505	1.44166
0.654873	1.44331
0.65524	1.44494
0.655608	1.44656
0.655975	1.44816
0.656343	1.44973
0.65671	1.4513
0.657078	1.45284
0.657445	1.45437
0.657813	1.45588
0.65818	1.45737
0.658548	1.45884
0.658915	1.4603
0.659283	1.46174
0.65965	1.46316
0.660018	1.46456
0.660385	1.46595
0.660753	1.46731
0.66112	1.46866
0.661488	1.46999
0.661855	1.4713
0.662223	1.4726
0.66259	1.47387
0.662958	1.47513
0.663325	1.47637
0.663693	1.47759
0.66406	1.47879
0.664428	1.47998
0.664795	1.48114
0.665163	1.48229
0.66553	1.48342
0.665898	1.48453
0.666265	1.48562
0.666633	1.48669
0.667	1.48774
0.667368	1.48878
0.667735	1.48979
0.668103	1.49079
0.66847	1.49177
0.668838	1.49273
0.669205	1.49367
0.669573	1.49459
0.66994	1.49549
0.670308	1.49637
0.670675	1.49723
0.671043	1.49808
0.67141	1.4989
0.671778	1.49971
0.672145	1.5005
0.672513	1.50126
0.67288	1.50201
0.673248	1.50274
0.673615	1.50345
0.673983	1.50414
0.67435	1.50481
0.674718	1.50546
0.675085	1.50609
0.675453	1.5067
0.67582	1.5073
0.676188	1.50787
0.676555	1.50842
0.676923	1.50896
0.67729	1.50947
0.677658	1.50997
0.678025	1.51044
0.678392	1.5109
0.67876	1.51133
0.679127	1.51175
0.679495	1.51215
0.679862	1.51252
0.68023	1.51288
0.680597	1.51322
0.680965	1.51354
0.681332	1.51384
0.6817	1.51411
0.682067	1.51437
0.682435	1.51461
0.682802	1.51483
0.68317	1.51503
0.683537	1.51521
0.683905	1.51537
0.684272	1.51551
0.68464	1.51564
0.685007	1.51574
0.685375	1.51582
0.685742	1.51588
0.68611	1.51592
0.686477	1.51595
0.686845	1.51595
0.687212	1.51593
0.68758	1.5159
0.687947	1.51584
0.688315	1.51577
0.688682	1.51567
0.68905	1.51556
0.689417	1.51542
0.689785	1.51527
0.690152	1.51509
0.69052	1.5149
0.690887	1.51469
0.691255	1.51446
0.691622	1.51421
0.69199	1.51393
0.692357	1.51364
0.692725	1.51333
0.693092	1.513
0.69346	1.51265
0.693827	1.51229
0.694195	1.5119
0.694562	1.51149
0.69493	1.51107
0.695297	1.51062
0.695665	1.51016
0.696032	1.50967
0.6964	1.50917
0.696767	1.50865
0.697135	1.5081
0.697502	1.50754
0.69787	1.50696
0.698237	1.50636
0.698605	1.50575
0.698972	1.50511
0.69934	1.50445
0.699707	1.50378
0.700075	1.50308
0.700442	1.50237
0.70081	1.50164
0.701177	1.50089
0.701545	1.50012
0.701912	1.49933
0.70228	1.49853
0.702647	1.4977
0.703015	1.49686
0.703382	1.496
0.70375	1.49512
0.704117	1.49422
0.704485	1.4933
0.704852	1.49237
0.705219	1.49141
0.705587	1.49044
0.705954	1.48945
0.706322	1.48844
0.706689	1.48742
0.707057	1.48637
0.707424	1.48531
0.707792	1.48423
0.708159	1.48313
0.708527	1.48202
0.708894	1.48088
0.709262	1.47973
0.709629	1.47856
0.709997	1.47738
0.710364	1.47617
0.710732	1.47495
0.711099	1.47371
0.711467	1.47246
0.711834	1.47118
0.712202	1.46989
0.712569	1.46858
0.712937	1.46726
0.713304	1.46592
0.713672	1.46456
0.714039	1.46318
0.714407	1.46179
0.714774	1.46038
0.715142	1.45895
0.715509	1.45751
0.715877	1.45605
0.716244	1.45458
0.716612	1.45308
0.716979	1.45158
0.717347	1.45005
0.717714	1.44851
0.718082	1.44695
0.718449	1.44538
0.718817	1.44379
0.719184	1.44219
0.719552	1.44057
0.719919	1.43893
0.720287	1.43728
0.720654	1.43561
0.721022	1.43393
0.721389	1.43223
0.721757	1.43051
0.722124	1.42878
0.722492	1.42704
0.722859	1.42528
0.723227	1.4235
0.723594	1.42172
0.723962	1.41991
0.724329	1.41809
0.724697	1.41626
0.725064	1.41441
0.725432	1.41255
0.725799	1.41067
0.726167	1.40878
0.726534	1.40687
0.726902	1.40495
0.727269	1.40302
0.727637	1.40107
0.728004	1.39911
0.728372	1.39713
0.728739	1.39514
0.729107	1.39314
0.729474	1.39112
0.729842	1.38909
0.730209	1.38704
0.730577	1.38499
0.730944	1.38292
0.731312	1.38083
0.731679	1.37874
0.732046	1.37663
0.732414	1.37451
0.732781	1.37237
0.733149	1.37022
0.733516	1.36806
0.733884	1.36589
0.734251	1.36371
0.734619	1.36151
0.734986	1.3593
