# Frequency (eV) 	 Current Real 	 Imaginary
0	-0.00357204	0
0.000367493	-0.00357197	-0.000307307
0.000734986	-0.00357174	-0.000614613
0.00110248	-0.00357137	-0.000921918
0.00146997	-0.00357085	-0.00122922
0.00183747	-0.00357018	-0.00153652
0.00220496	-0.00356936	-0.00184382
0.00257245	-0.00356839	-0.00215112
0.00293995	-0.00356728	-0.00245841
0.00330744	-0.00356601	-0.0027657
0.00367493	-0.0035646	-0.00307298
0.00404243	-0.00356304	-0.00338026
0.00440992	-0.00356133	-0.00368753
0.00477741	-0.00355948	-0.00399479
0.00514491	-0.00355747	-0.00430205
0.0055124	-0.00355532	-0.0046093
0.00587989	-0.00355302	-0.00491654
0.00624738	-0.00355058	-0.00522378
0.00661488	-0.00354799	-0.005531
0.00698237	-0.00354525	-0.00583822
0.00734986	-0.00354237	-0.00614542
0.00771736	-0.00353934	-0.00645262
0.00808485	-0.00353616	-0.0067598
0.00845234	-0.00353284	-0.00706697
0.00881984	-0.00352938	-0.00737413
0.00918733	-0.00352577	-0.00768128
0.00955482	-0.00352202	-0.00798841
0.00992232	-0.00351812	-0.00829554
0.0102898	-0.00351409	-0.00860264
0.0106573	-0.0035099	-0.00890974
0.0110248	-0.00350558	-0.00921681
0.0113923	-0.00350112	-0.00952388
0.0117598	-0.00349651	-0.00983093
0.0121273	-0.00349177	-0.010138
0.0124948	-0.00348688	-0.010445
0.0128623	-0.00348185	-0.010752
0.0132298	-0.00347669	-0.011059
0.0135972	-0.00347139	-0.0113659
0.0139647	-0.00346595	-0.0116729
0.0143322	-0.00346037	-0.0119798
0.0146997	-0.00345465	-0.0122867
0.0150672	-0.0034488	-0.0125936
0.0154347	-0.00344282	-0.0129005
0.0158022	-0.0034367	-0.0132073
0.0161697	-0.00343044	-0.0135141
0.0165372	-0.00342405	-0.013821
0.0169047	-0.00341753	-0.0141277
0.0172722	-0.00341088	-0.0144345
0.0176397	-0.00340409	-0.0147413
0.0180072	-0.00339718	-0.015048
0.0183747	-0.00339013	-0.0153547
0.0187422	-0.00338296	-0.0156614
0.0191096	-0.00337566	-0.015968
0.0194771	-0.00336823	-0.0162747
0.0198446	-0.00336067	-0.0165813
0.0202121	-0.00335299	-0.0168879
0.0205796	-0.00334518	-0.0171945
0.0209471	-0.00333725	-0.017501
0.0213146	-0.00332919	-0.0178075
0.0216821	-0.00332101	-0.018114
0.0220496	-0.00331271	-0.0184205
0.0224171	-0.00330429	-0.018727
0.0227846	-0.00329575	-0.0190334
0.0231521	-0.00328709	-0.0193398
0.0235196	-0.00327831	-0.0196462
0.0238871	-0.00326942	-0.0199525
0.0242546	-0.0032604	-0.0202589
0.024622	-0.00325128	-0.0205652
0.0249895	-0.00324203	-0.0208715
0.025357	-0.00323268	-0.0211777
0.0257245	-0.00322321	-0.021484
0.026092	-0.00321362	-0.0217902
0.0264595	-0.00320393	-0.0220964
0.026827	-0.00319413	-0.0224025
0.0271945	-0.00318422	-0.0227087
0.027562	-0.0031742	-0.0230148
0.0279295	-0.00316408	-0.0233209
0.028297	-0.00315384	-0.023627
0.0286645	-0.00314351	-0.023933
0.029032	-0.00313307	-0.024239
0.0293995	-0.00312252	-0.024545
0.029767	-0.00311188	-0.024851
0.0301344	-0.00310113	-0.025157
0.0305019	-0.00309029	-0.0254629
0.0308694	-0.00307934	-0.0257688
0.0312369	-0.0030683	-0.0260747
0.0316044	-0.00305716	-0.0263806
0.0319719	-0.00304593	-0.0266864
0.0323394	-0.0030346	-0.0269922
0.0327069	-0.00302318	-0.027298
0.0330744	-0.00301167	-0.0276038
0.0334419	-0.00300006	-0.0279096
0.0338094	-0.00298837	-0.0282153
0.0341769	-0.00297658	-0.0285211
0.0345444	-0.00296471	-0.0288268
0.0349119	-0.00295275	-0.0291324
0.0352793	-0.00294071	-0.0294381
0.0356468	-0.00292858	-0.0297438
0.0360143	-0.00291636	-0.0300494
0.0363818	-0.00290407	-0.030355
0.0367493	-0.00289169	-0.0306606
0.0371168	-0.00287923	-0.0309662
0.0374843	-0.0028667	-0.0312718
0.0378518	-0.00285408	-0.0315773
0.0382193	-0.00284139	-0.0318829
0.0385868	-0.00282862	-0.0321884
0.0389543	-0.00281578	-0.0324939
0.0393218	-0.00280286	-0.0327994
0.0396893	-0.00278988	-0.0331049
0.0400568	-0.00277682	-0.0334104
0.0404243	-0.00276369	-0.0337159
0.0407917	-0.00275049	-0.0340213
0.0411592	-0.00273722	-0.0343268
0.0415267	-0.00272389	-0.0346322
0.0418942	-0.00271049	-0.0349377
0.0422617	-0.00269702	-0.0352431
0.0426292	-0.00268349	-0.0355485
0.0429967	-0.0026699	-0.0358539
0.0433642	-0.00265625	-0.0361594
0.0437317	-0.00264253	-0.0364648
0.0440992	-0.00262876	-0.0367702
0.0444667	-0.00261493	-0.0370756
0.0448342	-0.00260104	-0.037381
0.0452017	-0.0025871	-0.0376864
0.0455692	-0.0025731	-0.0379918
0.0459367	-0.00255904	-0.0382972
0.0463041	-0.00254494	-0.0386027
0.0466716	-0.00253078	-0.0389081
0.0470391	-0.00251657	-0.0392135
0.0474066	-0.00250231	-0.0395189
0.0477741	-0.002488	-0.0398244
0.0481416	-0.00247364	-0.0401298
0.0485091	-0.00245924	-0.0404353
0.0488766	-0.00244479	-0.0407408
0.0492441	-0.0024303	-0.0410462
0.0496116	-0.00241576	-0.0413517
0.0499791	-0.00240118	-0.0416572
0.0503466	-0.00238656	-0.0419628
0.0507141	-0.0023719	-0.0422683
0.0510816	-0.00235719	-0.0425739
0.0514491	-0.00234245	-0.0428794
0.0518165	-0.00232767	-0.043185
0.052184	-0.00231286	-0.0434906
0.0525515	-0.002298	-0.0437963
0.052919	-0.00228312	-0.0441019
0.0532865	-0.00226819	-0.0444076
0.053654	-0.00225324	-0.0447133
0.0540215	-0.00223825	-0.0450191
0.054389	-0.00222323	-0.0453249
0.0547565	-0.00220818	-0.0456307
0.055124	-0.0021931	-0.0459365
0.0554915	-0.00217799	-0.0462423
0.055859	-0.00216285	-0.0465482
0.0562265	-0.00214769	-0.0468542
0.056594	-0.0021325	-0.0471602
0.0569614	-0.00211728	-0.0474662
0.0573289	-0.00210204	-0.0477722
0.0576964	-0.00208677	-0.0480783
0.0580639	-0.00207148	-0.0483844
0.0584314	-0.00205617	-0.0486906
0.0587989	-0.00204084	-0.0489968
0.0591664	-0.00202548	-0.0493031
0.0595339	-0.00201011	-0.0496094
0.0599014	-0.00199471	-0.0499158
0.0602689	-0.0019793	-0.0502222
0.0606364	-0.00196386	-0.0505287
0.0610039	-0.00194841	-0.0508353
0.0613714	-0.00193294	-0.0511418
0.0617389	-0.00191746	-0.0514485
0.0621064	-0.00190196	-0.0517552
0.0624738	-0.00188644	-0.052062
0.0628413	-0.00187091	-0.0523688
0.0632088	-0.00185537	-0.0526757
0.0635763	-0.00183981	-0.0529827
0.0639438	-0.00182424	-0.0532897
0.0643113	-0.00180866	-0.0535968
0.0646788	-0.00179306	-0.053904
0.0650463	-0.00177745	-0.0542112
0.0654138	-0.00176184	-0.0545186
0.0657813	-0.00174621	-0.054826
0.0661488	-0.00173057	-0.0551335
0.0665163	-0.00171492	-0.055441
0.0668838	-0.00169926	-0.0557487
0.0672513	-0.0016836	-0.0560564
0.0676188	-0.00166792	-0.0563642
0.0679862	-0.00165224	-0.0566721
0.0683537	-0.00163655	-0.0569801
0.0687212	-0.00162085	-0.0572882
0.0690887	-0.00160515	-0.0575963
0.0694562	-0.00158943	-0.0579046
0.0698237	-0.00157372	-0.058213
0.0701912	-0.00155799	-0.0585214
0.0705587	-0.00154226	-0.05883
0.0709262	-0.00152652	-0.0591387
0.0712937	-0.00151078	-0.0594474
0.0716612	-0.00149503	-0.0597563
0.0720287	-0.00147928	-0.0600653
0.0723962	-0.00146352	-0.0603744
0.0727637	-0.00144776	-0.0606836
0.0731312	-0.00143199	-0.0609929
0.0734986	-0.00141622	-0.0613023
0.0738661	-0.00140044	-0.0616119
0.0742336	-0.00138466	-0.0619215
0.0746011	-0.00136887	-0.0622313
0.0749686	-0.00135308	-0.0625412
0.0753361	-0.00133729	-0.0628513
0.0757036	-0.00132149	-0.0631614
0.0760711	-0.00130568	-0.0634717
0.0764386	-0.00128988	-0.0637821
0.0768061	-0.00127406	-0.0640927
0.0771736	-0.00125824	-0.0644034
0.0775411	-0.00124242	-0.0647142
0.0779086	-0.00122659	-0.0650251
0.0782761	-0.00121076	-0.0653362
0.0786435	-0.00119492	-0.0656475
0.079011	-0.00117908	-0.0659589
0.0793785	-0.00116323	-0.0662704
0.079746	-0.00114737	-0.0665821
0.0801135	-0.00113151	-0.0668939
0.080481	-0.00111564	-0.0672059
0.0808485	-0.00109977	-0.067518
0.081216	-0.00108389	-0.0678303
0.0815835	-0.001068	-0.0681427
0.081951	-0.0010521	-0.0684553
0.0823185	-0.0010362	-0.0687681
0.082686	-0.00102029	-0.069081
0.0830535	-0.00100437	-0.0693941
0.083421	-0.000988436	-0.0697073
0.0837885	-0.000972497	-0.0700208
0.0841559	-0.000956547	-0.0703344
0.0845234	-0.000940587	-0.0706481
0.0848909	-0.000924617	-0.0709621
0.0852584	-0.000908635	-0.0712762
0.0856259	-0.000892641	-0.0715905
0.0859934	-0.000876635	-0.0719049
0.0863609	-0.000860615	-0.0722196
0.0867284	-0.000844583	-0.0725344
0.0870959	-0.000828536	-0.0728495
0.0874634	-0.000812474	-0.0731647
0.0878309	-0.000796398	-0.0734801
0.0881984	-0.000780305	-0.0737956
0.0885659	-0.000764195	-0.0741114
0.0889334	-0.000748068	-0.0744274
0.0893009	-0.000731924	-0.0747436
0.0896683	-0.00071576	-0.07506
0.0900358	-0.000699577	-0.0753765
0.0904033	-0.000683374	-0.0756933
0.0907708	-0.00066715	-0.0760103
0.0911383	-0.000650904	-0.0763275
0.0915058	-0.000634636	-0.0766449
0.0918733	-0.000618344	-0.0769625
0.0922408	-0.000602028	-0.0772803
0.0926083	-0.000585688	-0.0775983
0.0929758	-0.000569321	-0.0779165
0.0933433	-0.000552927	-0.078235
0.0937108	-0.000536506	-0.0785537
0.0940783	-0.000520057	-0.0788725
0.0944458	-0.000503577	-0.0791917
0.0948133	-0.000487068	-0.079511
0.0951807	-0.000470527	-0.0798306
0.0955482	-0.000453953	-0.0801503
0.0959157	-0.000437347	-0.0804704
0.0962832	-0.000420706	-0.0807906
0.0966507	-0.000404029	-0.0811111
0.0970182	-0.000387316	-0.0814318
0.0973857	-0.000370566	-0.0817527
0.0977532	-0.000353777	-0.0820739
0.0981207	-0.000336949	-0.0823953
0.0984882	-0.00032008	-0.082717
0.0988557	-0.000303169	-0.0830389
0.0992232	-0.000286215	-0.0833611
0.0995907	-0.000269217	-0.0836834
0.0999582	-0.000252174	-0.0840061
0.100326	-0.000235085	-0.084329
0.100693	-0.000217948	-0.0846521
0.101061	-0.000200762	-0.0849755
0.101428	-0.000183527	-0.0852991
0.101796	-0.00016624	-0.085623
0.102163	-0.000148901	-0.0859471
0.102531	-0.000131509	-0.0862715
0.102898	-0.000114062	-0.0865962
0.103266	-9.65586e-05	-0.0869211
0.103633	-7.89981e-05	-0.0872463
0.104001	-6.1379e-05	-0.0875717
0.104368	-4.37e-05	-0.0878974
0.104736	-2.59599e-05	-0.0882234
0.105103	-8.15733e-06	-0.0885496
0.105471	9.70904e-06	-0.0888762
0.105838	2.76405e-05	-0.0892029
0.106206	4.56385e-05	-0.08953
0.106573	6.37042e-05	-0.0898573
0.106941	8.18391e-05	-0.0901849
0.107308	0.000100044	-0.0905127
0.107676	0.000118322	-0.0908409
0.108043	0.000136672	-0.0911693
0.108411	0.000155097	-0.091498
0.108778	0.000173599	-0.0918269
0.109145	0.000192177	-0.0921562
0.109513	0.000210835	-0.0924857
0.10988	0.000229573	-0.0928156
0.110248	0.000248392	-0.0931457
0.110615	0.000267295	-0.093476
0.110983	0.000286282	-0.0938067
0.11135	0.000305356	-0.0941377
0.111718	0.000324516	-0.0944689
0.112085	0.000343766	-0.0948004
0.112453	0.000363106	-0.0951323
0.11282	0.000382538	-0.0954644
0.113188	0.000402063	-0.0957968
0.113555	0.000421683	-0.0961295
0.113923	0.000441399	-0.0964625
0.11429	0.000461213	-0.0967958
0.114658	0.000481127	-0.0971294
0.115025	0.000501141	-0.0974633
0.115393	0.000521257	-0.0977975
0.11576	0.000541477	-0.0981319
0.116128	0.000561802	-0.0984667
0.116495	0.000582234	-0.0988018
0.116863	0.000602774	-0.0991372
0.11723	0.000623423	-0.0994729
0.117598	0.000644184	-0.0998089
0.117965	0.000665058	-0.100145
0.118333	0.000686045	-0.100482
0.1187	0.000707149	-0.100819
0.119068	0.00072837	-0.101156
0.119435	0.000749709	-0.101493
0.119803	0.000771169	-0.101831
0.12017	0.00079275	-0.102169
0.120538	0.000814455	-0.102508
0.120905	0.000836284	-0.102847
0.121273	0.00085824	-0.103186
0.12164	0.000880323	-0.103525
0.122008	0.000902536	-0.103865
0.122375	0.000924879	-0.104205
0.122743	0.000947355	-0.104545
0.12311	0.000969964	-0.104886
0.123478	0.000992709	-0.105227
0.123845	0.00101559	-0.105568
0.124213	0.00103861	-0.105909
0.12458	0.00106177	-0.106251
0.124948	0.00108507	-0.106593
0.125315	0.00110851	-0.106936
0.125683	0.0011321	-0.107279
0.12605	0.00115583	-0.107622
0.126418	0.00117971	-0.107965
0.126785	0.00120374	-0.108309
0.127153	0.00122791	-0.108653
0.12752	0.00125224	-0.108998
0.127888	0.00127672	-0.109342
0.128255	0.00130136	-0.109688
0.128623	0.00132615	-0.110033
0.12899	0.0013511	-0.110379
0.129358	0.0013762	-0.110725
0.129725	0.00140147	-0.111071
0.130093	0.0014269	-0.111418
0.13046	0.00145249	-0.111765
0.130828	0.00147824	-0.112112
0.131195	0.00150416	-0.112459
0.131563	0.00153024	-0.112807
0.13193	0.00155649	-0.113156
0.132298	0.00158292	-0.113504
0.132665	0.00160951	-0.113853
0.133033	0.00163627	-0.114202
0.1334	0.00166321	-0.114552
0.133768	0.00169032	-0.114902
0.134135	0.00171761	-0.115252
0.134503	0.00174507	-0.115602
0.13487	0.00177271	-0.115953
0.135238	0.00180053	-0.116304
0.135605	0.00182854	-0.116656
0.135972	0.00185672	-0.117008
0.13634	0.00188509	-0.11736
0.136707	0.00191364	-0.117712
0.137075	0.00194238	-0.118065
0.137442	0.0019713	-0.118418
0.13781	0.00200041	-0.118771
0.138177	0.00202971	-0.119125
0.138545	0.0020592	-0.119479
0.138912	0.00208888	-0.119834
0.13928	0.00211876	-0.120188
0.139647	0.00214882	-0.120543
0.140015	0.00217908	-0.120899
0.140382	0.00220954	-0.121254
0.14075	0.00224019	-0.12161
0.141117	0.00227104	-0.121967
0.141485	0.00230209	-0.122323
0.141852	0.00233334	-0.12268
0.14222	0.00236479	-0.123037
0.142587	0.00239644	-0.123395
0.142955	0.00242829	-0.123753
0.143322	0.00246035	-0.124111
0.14369	0.00249261	-0.12447
0.144057	0.00252507	-0.124828
0.144425	0.00255774	-0.125188
0.144792	0.00259062	-0.125547
0.14516	0.00262371	-0.125907
0.145527	0.002657	-0.126267
0.145895	0.00269051	-0.126627
0.146262	0.00272422	-0.126988
0.14663	0.00275815	-0.127349
0.146997	0.00279228	-0.127711
0.147365	0.00282663	-0.128072
0.147732	0.00286119	-0.128434
0.1481	0.00289597	-0.128797
0.148467	0.00293096	-0.129159
0.148835	0.00296617	-0.129522
0.149202	0.00300159	-0.129886
0.14957	0.00303723	-0.130249
0.149937	0.00307308	-0.130613
0.150305	0.00310916	-0.130977
0.150672	0.00314545	-0.131342
0.15104	0.00318196	-0.131707
0.151407	0.00321869	-0.132072
0.151775	0.00325564	-0.132438
0.152142	0.00329281	-0.132803
0.15251	0.0033302	-0.133169
0.152877	0.00336781	-0.133536
0.153245	0.00340565	-0.133903
0.153612	0.00344371	-0.13427
0.15398	0.00348199	-0.134637
0.154347	0.00352049	-0.135005
0.154715	0.00355921	-0.135373
0.155082	0.00359816	-0.135741
0.15545	0.00363734	-0.13611
0.155817	0.00367674	-0.136479
0.156185	0.00371636	-0.136848
0.156552	0.00375621	-0.137217
0.15692	0.00379628	-0.137587
0.157287	0.00383658	-0.137957
0.157655	0.00387711	-0.138328
0.158022	0.00391786	-0.138699
0.15839	0.00395883	-0.13907
0.158757	0.00400004	-0.139441
0.159125	0.00404147	-0.139813
0.159492	0.00408312	-0.140185
0.15986	0.004125	-0.140557
0.160227	0.00416711	-0.14093
0.160595	0.00420945	-0.141303
0.160962	0.00425201	-0.141676
0.16133	0.0042948	-0.142049
0.161697	0.00433782	-0.142423
0.162065	0.00438106	-0.142797
0.162432	0.00442453	-0.143172
0.162799	0.00446823	-0.143546
0.163167	0.00451215	-0.143921
0.163534	0.0045563	-0.144297
0.163902	0.00460067	-0.144672
0.164269	0.00464528	-0.145048
0.164637	0.0046901	-0.145425
0.165004	0.00473516	-0.145801
0.165372	0.00478044	-0.146178
0.165739	0.00482594	-0.146555
0.166107	0.00487167	-0.146933
0.166474	0.00491763	-0.147311
0.166842	0.00496381	-0.147689
0.167209	0.00501021	-0.148067
0.167577	0.00505684	-0.148446
0.167944	0.00510369	-0.148825
0.168312	0.00515077	-0.149204
0.168679	0.00519807	-0.149584
0.169047	0.00524559	-0.149964
0.169414	0.00529334	-0.150344
0.169782	0.0053413	-0.150724
0.170149	0.00538949	-0.151105
0.170517	0.0054379	-0.151486
0.170884	0.00548653	-0.151868
0.171252	0.00553538	-0.152249
0.171619	0.00558445	-0.152631
0.171987	0.00563374	-0.153014
0.172354	0.00568325	-0.153396
0.172722	0.00573297	-0.153779
0.173089	0.00578292	-0.154162
0.173457	0.00583308	-0.154546
0.173824	0.00588345	-0.15493
0.174192	0.00593405	-0.155314
0.174559	0.00598485	-0.155698
0.174927	0.00603588	-0.156083
0.175294	0.00608711	-0.156468
0.175662	0.00613856	-0.156854
0.176029	0.00619022	-0.157239
0.176397	0.0062421	-0.157625
0.176764	0.00629418	-0.158011
0.177132	0.00634648	-0.158398
0.177499	0.00639899	-0.158785
0.177867	0.0064517	-0.159172
0.178234	0.00650462	-0.15956
0.178602	0.00655776	-0.159947
0.178969	0.00661109	-0.160336
0.179337	0.00666464	-0.160724
0.179704	0.00671839	-0.161113
0.180072	0.00677234	-0.161502
0.180439	0.00682649	-0.161891
0.180807	0.00688085	-0.162281
0.181174	0.00693542	-0.162671
0.181542	0.00699018	-0.163061
0.181909	0.00704514	-0.163452
0.182277	0.0071003	-0.163843
0.182644	0.00715566	-0.164234
0.183012	0.00721122	-0.164625
0.183379	0.00726697	-0.165017
0.183747	0.00732292	-0.165409
0.184114	0.00737907	-0.165802
0.184482	0.00743541	-0.166195
0.184849	0.00749194	-0.166588
0.185217	0.00754866	-0.166981
0.185584	0.00760558	-0.167375
0.185952	0.00766268	-0.167769
0.186319	0.00771998	-0.168164
0.186687	0.00777746	-0.168558
0.187054	0.00783513	-0.168953
0.187422	0.00789298	-0.169349
0.187789	0.00795102	-0.169745
0.188157	0.00800925	-0.170141
0.188524	0.00806766	-0.170537
0.188892	0.00812625	-0.170934
0.189259	0.00818502	-0.171331
0.189627	0.00824397	-0.171728
0.189994	0.0083031	-0.172126
0.190361	0.00836241	-0.172524
0.190729	0.0084219	-0.172922
0.191096	0.00848156	-0.173321
0.191464	0.0085414	-0.17372
0.191831	0.00860142	-0.174119
0.192199	0.0086616	-0.174519
0.192566	0.00872196	-0.174919
0.192934	0.00878249	-0.17532
0.193301	0.00884319	-0.17572
0.193669	0.00890406	-0.176121
0.194036	0.0089651	-0.176523
0.194404	0.0090263	-0.176925
0.194771	0.00908767	-0.177327
0.195139	0.00914921	-0.177729
0.195506	0.00921091	-0.178132
0.195874	0.00927277	-0.178535
0.196241	0.0093348	-0.178939
0.196609	0.00939698	-0.179343
0.196976	0.00945933	-0.179747
0.197344	0.00952183	-0.180152
0.197711	0.0095845	-0.180557
0.198079	0.00964732	-0.180962
0.198446	0.0097103	-0.181368
0.198814	0.00977343	-0.181774
0.199181	0.00983672	-0.182181
0.199549	0.00990016	-0.182588
0.199916	0.00996375	-0.182995
0.200284	0.0100275	-0.183403
0.200651	0.0100914	-0.183811
0.201019	0.0101554	-0.184219
0.201386	0.0102196	-0.184628
0.201754	0.010284	-0.185037
0.202121	0.0103485	-0.185447
0.202489	0.0104131	-0.185857
0.202856	0.0104779	-0.186267
0.203224	0.0105428	-0.186678
0.203591	0.0106079	-0.187089
0.203959	0.0106731	-0.1875
0.204326	0.0107384	-0.187912
0.204694	0.0108039	-0.188325
0.205061	0.0108696	-0.188738
0.205429	0.0109353	-0.189151
0.205796	0.0110012	-0.189564
0.206164	0.0110673	-0.189978
0.206531	0.0111335	-0.190393
0.206899	0.0111998	-0.190808
0.207266	0.0112663	-0.191223
0.207634	0.0113328	-0.191639
0.208001	0.0113996	-0.192055
0.208369	0.0114664	-0.192471
0.208736	0.0115334	-0.192888
0.209104	0.0116006	-0.193306
0.209471	0.0116678	-0.193724
0.209839	0.0117352	-0.194142
0.210206	0.0118027	-0.194561
0.210574	0.0118704	-0.19498
0.210941	0.0119381	-0.195399
0.211309	0.0120061	-0.19582
0.211676	0.0120741	-0.19624
0.212044	0.0121423	-0.196661
0.212411	0.0122105	-0.197083
0.212779	0.012279	-0.197505
0.213146	0.0123475	-0.197927
0.213514	0.0124162	-0.19835
0.213881	0.012485	-0.198773
0.214249	0.0125539	-0.199197
0.214616	0.0126229	-0.199621
0.214984	0.0126921	-0.200046
0.215351	0.0127614	-0.200472
0.215719	0.0128308	-0.200897
0.216086	0.0129004	-0.201324
0.216454	0.01297	-0.20175
0.216821	0.0130398	-0.202178
0.217188	0.0131097	-0.202605
0.217556	0.0131798	-0.203034
0.217923	0.0132499	-0.203462
0.218291	0.0133202	-0.203892
0.218658	0.0133906	-0.204322
0.219026	0.0134611	-0.204752
0.219393	0.0135318	-0.205183
0.219761	0.0136026	-0.205614
0.220128	0.0136735	-0.206046
0.220496	0.0137445	-0.206479
0.220863	0.0138156	-0.206912
0.221231	0.0138869	-0.207345
0.221598	0.0139583	-0.207779
0.221966	0.0140298	-0.208214
0.222333	0.0141014	-0.208649
0.222701	0.0141731	-0.209085
0.223068	0.014245	-0.209521
0.223436	0.014317	-0.209958
0.223803	0.0143892	-0.210395
0.224171	0.0144614	-0.210833
0.224538	0.0145338	-0.211272
0.224906	0.0146063	-0.211711
0.225273	0.0146789	-0.212151
0.225641	0.0147517	-0.212591
0.226008	0.0148245	-0.213032
0.226376	0.0148975	-0.213473
0.226743	0.0149707	-0.213915
0.227111	0.0150439	-0.214358
0.227478	0.0151173	-0.214801
0.227846	0.0151908	-0.215245
0.228213	0.0152645	-0.21569
0.228581	0.0153383	-0.216135
0.228948	0.0154122	-0.216581
0.229316	0.0154862	-0.217027
0.229683	0.0155604	-0.217474
0.230051	0.0156347	-0.217922
0.230418	0.0157092	-0.21837
0.230786	0.0157837	-0.218819
0.231153	0.0158585	-0.219268
0.231521	0.0159333	-0.219719
0.231888	0.0160083	-0.22017
0.232256	0.0160834	-0.220621
0.232623	0.0161587	-0.221073
0.232991	0.0162341	-0.221526
0.233358	0.0163097	-0.221979
0.233726	0.0163854	-0.222434
0.234093	0.0164613	-0.222888
0.234461	0.0165372	-0.223344
0.234828	0.0166134	-0.2238
0.235196	0.0166897	-0.224257
0.235563	0.0167661	-0.224715
0.235931	0.0168427	-0.225173
0.236298	0.0169195	-0.225632
0.236666	0.0169964	-0.226092
0.237033	0.0170734	-0.226552
0.237401	0.0171506	-0.227013
0.237768	0.017228	-0.227475
0.238136	0.0173056	-0.227938
0.238503	0.0173833	-0.228401
0.238871	0.0174611	-0.228865
0.239238	0.0175391	-0.22933
0.239606	0.0176173	-0.229795
0.239973	0.0176957	-0.230261
0.240341	0.0177742	-0.230728
0.240708	0.0178529	-0.231196
0.241076	0.0179318	-0.231664
0.241443	0.0180109	-0.232134
0.241811	0.0180901	-0.232604
0.242178	0.0181695	-0.233074
0.242546	0.0182491	-0.233546
0.242913	0.0183289	-0.234018
0.243281	0.0184089	-0.234491
0.243648	0.0184891	-0.234965
0.244015	0.0185694	-0.23544
0.244383	0.01865	-0.235915
0.24475	0.0187307	-0.236392
0.245118	0.0188116	-0.236869
0.245485	0.0188928	-0.237347
0.245853	0.0189741	-0.237825
0.24622	0.0190557	-0.238305
0.246588	0.0191374	-0.238785
0.246955	0.0192194	-0.239266
0.247323	0.0193016	-0.239748
0.24769	0.0193839	-0.240231
0.248058	0.0194665	-0.240715
0.248425	0.0195494	-0.241199
0.248793	0.0196324	-0.241684
0.24916	0.0197157	-0.24217
0.249528	0.0197992	-0.242657
0.249895	0.0198829	-0.243145
0.250263	0.0199669	-0.243634
0.25063	0.0200511	-0.244124
0.250998	0.0201355	-0.244614
0.251365	0.0202202	-0.245105
0.251733	0.0203051	-0.245598
0.2521	0.0203903	-0.246091
0.252468	0.0204757	-0.246585
0.252835	0.0205614	-0.24708
0.253203	0.0206473	-0.247575
0.25357	0.0207335	-0.248072
0.253938	0.0208199	-0.248569
0.254305	0.0209066	-0.249068
0.254673	0.0209936	-0.249567
0.25504	0.0210809	-0.250068
0.255408	0.0211684	-0.250569
0.255775	0.0212562	-0.251071
0.256143	0.0213443	-0.251574
0.25651	0.0214326	-0.252078
0.256878	0.0215213	-0.252583
0.257245	0.0216102	-0.253089
0.257613	0.0216995	-0.253595
0.25798	0.021789	-0.254103
0.258348	0.0218789	-0.254612
0.258715	0.021969	-0.255121
0.259083	0.0220595	-0.255632
0.25945	0.0221502	-0.256144
0.259818	0.0222413	-0.256656
0.260185	0.0223327	-0.25717
0.260553	0.0224244	-0.257684
0.26092	0.0225165	-0.258199
0.261288	0.0226089	-0.258716
0.261655	0.0227016	-0.259233
0.262023	0.0227946	-0.259752
0.26239	0.022888	-0.260271
0.262758	0.0229818	-0.260791
0.263125	0.0230758	-0.261313
0.263493	0.0231703	-0.261835
0.26386	0.0232651	-0.262359
0.264228	0.0233602	-0.262883
0.264595	0.0234557	-0.263408
0.264963	0.0235516	-0.263935
0.26533	0.0236479	-0.264462
0.265698	0.0237445	-0.264991
0.266065	0.0238415	-0.26552
0.266433	0.0239389	-0.266051
0.2668	0.0240367	-0.266582
0.267168	0.0241349	-0.267115
0.267535	0.0242335	-0.267648
0.267903	0.0243324	-0.268183
0.26827	0.0244318	-0.268719
0.268638	0.0245316	-0.269256
0.269005	0.0246318	-0.269794
0.269373	0.0247324	-0.270332
0.26974	0.0248334	-0.270872
0.270108	0.0249349	-0.271413
0.270475	0.0250368	-0.271956
0.270843	0.0251391	-0.272499
0.27121	0.0252419	-0.273043
0.271577	0.0253451	-0.273588
0.271945	0.0254487	-0.274135
0.272312	0.0255528	-0.274682
0.27268	0.0256574	-0.275231
0.273047	0.0257624	-0.275781
0.273415	0.0258679	-0.276331
0.273782	0.0259738	-0.276883
0.27415	0.0260802	-0.277436
0.274517	0.0261871	-0.27799
0.274885	0.0262945	-0.278546
0.275252	0.0264024	-0.279102
0.27562	0.0265107	-0.279659
0.275987	0.0266196	-0.280218
0.276355	0.0267289	-0.280778
0.276722	0.0268388	-0.281338
0.27709	0.0269492	-0.2819
0.277457	0.02706	-0.282463
0.277825	0.0271714	-0.283028
0.278192	0.0272834	-0.283593
0.27856	0.0273958	-0.284159
0.278927	0.0275088	-0.284727
0.279295	0.0276223	-0.285296
0.279662	0.0277363	-0.285866
0.28003	0.0278509	-0.286437
0.280397	0.0279661	-0.287009
0.280765	0.0280818	-0.287582
0.281132	0.0281981	-0.288157
0.2815	0.0283149	-0.288732
0.281867	0.0284323	-0.289309
0.282235	0.0285502	-0.289887
0.282602	0.0286688	-0.290466
0.28297	0.0287879	-0.291047
0.283337	0.0289076	-0.291628
0.283705	0.0290279	-0.292211
0.284072	0.0291488	-0.292795
0.28444	0.0292704	-0.29338
0.284807	0.0293925	-0.293966
0.285175	0.0295152	-0.294554
0.285542	0.0296385	-0.295142
0.28591	0.0297625	-0.295732
0.286277	0.0298871	-0.296323
0.286645	0.0300123	-0.296916
0.287012	0.0301381	-0.297509
0.28738	0.0302646	-0.298104
0.287747	0.0303918	-0.2987
0.288115	0.0305195	-0.299297
0.288482	0.030648	-0.299895
0.28885	0.0307771	-0.300494
0.289217	0.0309068	-0.301095
0.289585	0.0310372	-0.301697
0.289952	0.0311683	-0.3023
0.29032	0.0313001	-0.302905
0.290687	0.0314326	-0.30351
0.291055	0.0315657	-0.304117
0.291422	0.0316996	-0.304725
0.29179	0.0318341	-0.305334
0.292157	0.0319693	-0.305945
0.292525	0.0321053	-0.306557
0.292892	0.0322419	-0.30717
0.29326	0.0323793	-0.307784
0.293627	0.0325173	-0.3084
0.293995	0.0326562	-0.309016
0.294362	0.0327957	-0.309634
0.29473	0.032936	-0.310254
0.295097	0.033077	-0.310874
0.295465	0.0332187	-0.311496
0.295832	0.0333612	-0.312119
0.2962	0.0335045	-0.312743
0.296567	0.0336485	-0.313369
0.296935	0.0337933	-0.313996
0.297302	0.0339388	-0.314624
0.29767	0.0340851	-0.315253
0.298037	0.0342322	-0.315884
0.298404	0.0343801	-0.316516
0.298772	0.0345288	-0.317149
0.299139	0.0346782	-0.317783
0.299507	0.0348285	-0.318419
0.299874	0.0349795	-0.319056
0.300242	0.0351314	-0.319695
0.300609	0.035284	-0.320334
0.300977	0.0354375	-0.320975
0.301344	0.0355918	-0.321617
0.301712	0.0357469	-0.322261
0.302079	0.0359029	-0.322906
0.302447	0.0360597	-0.323552
0.302814	0.0362173	-0.324199
0.303182	0.0363757	-0.324848
0.303549	0.036535	-0.325498
0.303917	0.0366952	-0.326149
0.304284	0.0368562	-0.326802
0.304652	0.0370181	-0.327456
0.305019	0.0371808	-0.328111
0.305387	0.0373444	-0.328768
0.305754	0.0375089	-0.329426
0.306122	0.0376743	-0.330085
0.306489	0.0378405	-0.330746
0.306857	0.0380077	-0.331407
0.307224	0.0381757	-0.332071
0.307592	0.0383446	-0.332735
0.307959	0.0385145	-0.333401
0.308327	0.0386852	-0.334068
0.308694	0.0388568	-0.334737
0.309062	0.0390294	-0.335407
0.309429	0.0392029	-0.336078
0.309797	0.0393773	-0.336751
0.310164	0.0395526	-0.337425
0.310532	0.0397289	-0.3381
0.310899	0.0399061	-0.338777
0.311267	0.0400843	-0.339455
0.311634	0.0402634	-0.340134
0.312002	0.0404434	-0.340815
0.312369	0.0406244	-0.341497
0.312737	0.0408064	-0.34218
0.313104	0.0409893	-0.342865
0.313472	0.0411732	-0.343551
0.313839	0.0413581	-0.344239
0.314207	0.0415439	-0.344928
0.314574	0.0417308	-0.345618
0.314942	0.0419186	-0.34631
0.315309	0.0421074	-0.347003
0.315677	0.0422972	-0.347697
0.316044	0.0424881	-0.348393
0.316412	0.0426799	-0.34909
0.316779	0.0428727	-0.349789
0.317147	0.0430666	-0.350489
0.317514	0.0432614	-0.351191
0.317882	0.0434573	-0.351893
0.318249	0.0436542	-0.352598
0.318617	0.0438522	-0.353303
0.318984	0.0440512	-0.35401
0.319352	0.0442512	-0.354719
0.319719	0.0444523	-0.355429
0.320087	0.0446544	-0.35614
0.320454	0.0448576	-0.356853
0.320822	0.0450618	-0.357567
0.321189	0.0452671	-0.358283
0.321557	0.0454735	-0.359
0.321924	0.045681	-0.359718
0.322292	0.0458895	-0.360438
0.322659	0.0460991	-0.36116
0.323027	0.0463098	-0.361882
0.323394	0.0465216	-0.362607
0.323762	0.0467345	-0.363332
0.324129	0.0469485	-0.36406
0.324497	0.0471635	-0.364788
0.324864	0.0473797	-0.365518
0.325232	0.047597	-0.36625
0.325599	0.0478155	-0.366983
0.325966	0.048035	-0.367717
0.326334	0.0482557	-0.368453
0.326701	0.0484775	-0.369191
0.327069	0.0487005	-0.36993
0.327436	0.0489246	-0.37067
0.327804	0.0491498	-0.371412
0.328171	0.0493762	-0.372156
0.328539	0.0496038	-0.372901
0.328906	0.0498325	-0.373647
0.329274	0.0500623	-0.374395
0.329641	0.0502934	-0.375144
0.330009	0.0505256	-0.375895
0.330376	0.050759	-0.376648
0.330744	0.0509936	-0.377402
0.331111	0.0512294	-0.378157
0.331479	0.0514664	-0.378914
0.331846	0.0517045	-0.379673
0.332214	0.0519439	-0.380433
0.332581	0.0521845	-0.381195
0.332949	0.0524263	-0.381958
0.333316	0.0526693	-0.382723
0.333684	0.0529136	-0.383489
0.334051	0.053159	-0.384257
0.334419	0.0534057	-0.385027
0.334786	0.0536537	-0.385798
0.335154	0.0539029	-0.38657
0.335521	0.0541533	-0.387345
0.335889	0.054405	-0.38812
0.336256	0.054658	-0.388898
0.336624	0.0549122	-0.389677
0.336991	0.0551677	-0.390457
0.337359	0.0554245	-0.39124
0.337726	0.0556825	-0.392023
0.338094	0.0559419	-0.392809
0.338461	0.0562025	-0.393596
0.338829	0.0564645	-0.394385
0.339196	0.0567277	-0.395175
0.339564	0.0569923	-0.395967
0.339931	0.0572581	-0.39676
0.340299	0.0575253	-0.397556
0.340666	0.0577939	-0.398352
0.341034	0.0580637	-0.399151
0.341401	0.0583349	-0.399951
0.341769	0.0586074	-0.400753
0.342136	0.0588813	-0.401557
0.342504	0.0591566	-0.402362
0.342871	0.0594332	-0.403169
0.343239	0.0597111	-0.403977
0.343606	0.0599905	-0.404788
0.343974	0.0602712	-0.4056
0.344341	0.0605534	-0.406414
0.344709	0.0608369	-0.407229
0.345076	0.0611218	-0.408046
0.345444	0.0614081	-0.408865
0.345811	0.0616959	-0.409686
0.346179	0.061985	-0.410508
0.346546	0.0622756	-0.411332
0.346914	0.0625676	-0.412158
0.347281	0.0628611	-0.412986
0.347649	0.063156	-0.413815
0.348016	0.0634524	-0.414646
0.348384	0.0637502	-0.415479
0.348751	0.0640495	-0.416314
0.349119	0.0643503	-0.417151
0.349486	0.0646525	-0.417989
0.349854	0.0649563	-0.418829
0.350221	0.0652615	-0.419671
0.350589	0.0655683	-0.420515
0.350956	0.0658766	-0.421361
0.351324	0.0661863	-0.422208
0.351691	0.0664977	-0.423058
0.352059	0.0668105	-0.423909
0.352426	0.0671249	-0.424762
0.352793	0.0674409	-0.425617
0.353161	0.0677584	-0.426474
0.353528	0.0680775	-0.427332
0.353896	0.0683982	-0.428193
0.354263	0.0687204	-0.429055
0.354631	0.0690443	-0.42992
0.354998	0.0693697	-0.430786
0.355366	0.0696968	-0.431654
0.355733	0.0700255	-0.432524
0.356101	0.0703558	-0.433396
0.356468	0.0706877	-0.43427
0.356836	0.0710213	-0.435146
0.357203	0.0713566	-0.436024
0.357571	0.0716935	-0.436904
0.357938	0.0720321	-0.437786
0.358306	0.0723724	-0.43867
0.358673	0.0727144	-0.439556
0.359041	0.0730581	-0.440444
0.359408	0.0734035	-0.441334
0.359776	0.0737507	-0.442225
0.360143	0.0740995	-0.443119
0.360511	0.0744502	-0.444015
0.360878	0.0748025	-0.444913
0.361246	0.0751567	-0.445813
0.361613	0.0755126	-0.446715
0.361981	0.0758703	-0.44762
0.362348	0.0762298	-0.448526
0.362716	0.0765912	-0.449434
0.363083	0.0769543	-0.450345
0.363451	0.0773193	-0.451257
0.363818	0.0776861	-0.452172
0.364186	0.0780548	-0.453089
0.364553	0.0784253	-0.454007
0.364921	0.0787978	-0.454928
0.365288	0.0791721	-0.455852
0.365656	0.0795483	-0.456777
0.366023	0.0799265	-0.457704
0.366391	0.0803065	-0.458634
0.366758	0.0806885	-0.459566
0.367126	0.0810725	-0.4605
0.367493	0.0814585	-0.461436
0.367861	0.0818464	-0.462375
0.368228	0.0822363	-0.463315
0.368596	0.0826282	-0.464258
0.368963	0.0830221	-0.465203
0.369331	0.0834181	-0.466151
0.369698	0.0838161	-0.4671
0.370066	0.0842162	-0.468052
0.370433	0.0846184	-0.469007
0.370801	0.0850226	-0.469963
0.371168	0.085429	-0.470922
0.371536	0.0858374	-0.471883
0.371903	0.086248	-0.472846
0.372271	0.0866608	-0.473812
0.372638	0.0870757	-0.47478
0.373006	0.0874928	-0.47575
0.373373	0.0879121	-0.476723
0.373741	0.0883336	-0.477698
0.374108	0.0887574	-0.478676
0.374476	0.0891833	-0.479656
0.374843	0.0896116	-0.480638
0.375211	0.0900421	-0.481622
0.375578	0.0904749	-0.482609
0.375946	0.09091	-0.483599
0.376313	0.0913474	-0.484591
0.376681	0.0917872	-0.485585
0.377048	0.0922293	-0.486582
0.377416	0.0926739	-0.487581
0.377783	0.0931208	-0.488583
0.378151	0.0935701	-0.489587
0.378518	0.0940218	-0.490593
0.378886	0.094476	-0.491602
0.379253	0.0949327	-0.492614
0.37962	0.0953919	-0.493628
0.379988	0.0958535	-0.494645
0.380355	0.0963177	-0.495664
0.380723	0.0967844	-0.496686
0.38109	0.0972537	-0.49771
0.381458	0.0977256	-0.498737
0.381825	0.0982001	-0.499766
0.382193	0.0986771	-0.500798
0.38256	0.0991569	-0.501832
0.382928	0.0996393	-0.502869
0.383295	0.100124	-0.503909
0.383663	0.100612	-0.504951
0.38403	0.101103	-0.505996
0.384398	0.101596	-0.507044
0.384765	0.102092	-0.508094
0.385133	0.102591	-0.509147
0.3855	0.103092	-0.510202
0.385868	0.103597	-0.51126
0.386235	0.104104	-0.512321
0.386603	0.104614	-0.513385
0.38697	0.105127	-0.514451
0.387338	0.105643	-0.51552
0.387705	0.106162	-0.516591
0.388073	0.106684	-0.517665
0.38844	0.107209	-0.518742
0.388808	0.107737	-0.519822
0.389175	0.108268	-0.520904
0.389543	0.108802	-0.521989
0.38991	0.109339	-0.523077
0.390278	0.109879	-0.524168
0.390645	0.110423	-0.525261
0.391013	0.110969	-0.526358
0.39138	0.111519	-0.527457
0.391748	0.112072	-0.528558
0.392115	0.112628	-0.529663
0.392483	0.113187	-0.53077
0.39285	0.11375	-0.53188
0.393218	0.114316	-0.532993
0.393585	0.114886	-0.534109
0.393953	0.115458	-0.535228
0.39432	0.116035	-0.536349
0.394688	0.116614	-0.537473
0.395055	0.117197	-0.5386
0.395423	0.117784	-0.53973
0.39579	0.118374	-0.540863
0.396158	0.118967	-0.541999
0.396525	0.119565	-0.543137
0.396893	0.120165	-0.544279
0.39726	0.12077	-0.545423
0.397628	0.121378	-0.54657
0.397995	0.121989	-0.54772
0.398363	0.122605	-0.548873
0.39873	0.123224	-0.550029
0.399098	0.123847	-0.551188
0.399465	0.124473	-0.55235
0.399833	0.125104	-0.553514
0.4002	0.125738	-0.554682
0.400568	0.126377	-0.555852
0.400935	0.127019	-0.557026
0.401303	0.127665	-0.558202
0.40167	0.128315	-0.559381
0.402038	0.12897	-0.560563
0.402405	0.129628	-0.561748
0.402773	0.13029	-0.562936
0.40314	0.130957	-0.564127
0.403508	0.131627	-0.565321
0.403875	0.132302	-0.566518
0.404243	0.132981	-0.567718
0.40461	0.133664	-0.568921
0.404978	0.134352	-0.570127
0.405345	0.135044	-0.571335
0.405713	0.13574	-0.572547
0.40608	0.13644	-0.573762
0.406448	0.137145	-0.574979
0.406815	0.137855	-0.5762
0.407182	0.138569	-0.577423
0.40755	0.139287	-0.57865
0.407917	0.14001	-0.579879
0.408285	0.140738	-0.581111
0.408652	0.14147	-0.582347
0.40902	0.142207	-0.583585
0.409387	0.142949	-0.584826
0.409755	0.143695	-0.586071
0.410122	0.144446	-0.587318
0.41049	0.145202	-0.588568
0.410857	0.145963	-0.589821
0.411225	0.146729	-0.591077
0.411592	0.147499	-0.592336
0.41196	0.148275	-0.593598
0.412327	0.149055	-0.594863
0.412695	0.149841	-0.596131
0.413062	0.150632	-0.597402
0.41343	0.151427	-0.598676
0.413797	0.152228	-0.599952
0.414165	0.153035	-0.601232
0.414532	0.153846	-0.602515
0.4149	0.154663	-0.6038
0.415267	0.155485	-0.605089
0.415635	0.156312	-0.60638
0.416002	0.157145	-0.607674
0.41637	0.157983	-0.608971
0.416737	0.158827	-0.610271
0.417105	0.159676	-0.611574
0.417472	0.16053	-0.61288
0.41784	0.161391	-0.614188
0.418207	0.162257	-0.6155
0.418575	0.163128	-0.616814
0.418942	0.164006	-0.618131
0.41931	0.164889	-0.619451
0.419677	0.165778	-0.620774
0.420045	0.166672	-0.6221
0.420412	0.167573	-0.623429
0.42078	0.16848	-0.62476
0.421147	0.169392	-0.626094
0.421515	0.170311	-0.627431
0.421882	0.171235	-0.628771
0.42225	0.172166	-0.630113
0.422617	0.173103	-0.631458
0.422985	0.174046	-0.632806
0.423352	0.174995	-0.634157
0.42372	0.175951	-0.63551
0.424087	0.176913	-0.636866
0.424455	0.177881	-0.638225
0.424822	0.178855	-0.639586
0.42519	0.179836	-0.640951
0.425557	0.180824	-0.642317
0.425925	0.181818	-0.643687
0.426292	0.182819	-0.645059
0.42666	0.183826	-0.646433
0.427027	0.18484	-0.64781
0.427395	0.185861	-0.64919
0.427762	0.186888	-0.650572
0.42813	0.187923	-0.651957
0.428497	0.188964	-0.653345
0.428865	0.190012	-0.654735
0.429232	0.191067	-0.656127
0.4296	0.192129	-0.657522
0.429967	0.193198	-0.658919
0.430335	0.194274	-0.660319
0.430702	0.195357	-0.661721
0.43107	0.196448	-0.663125
0.431437	0.197545	-0.664532
0.431805	0.19865	-0.665941
0.432172	0.199762	-0.667353
0.43254	0.200882	-0.668766
0.432907	0.202009	-0.670183
0.433275	0.203143	-0.671601
0.433642	0.204285	-0.673021
0.434009	0.205435	-0.674444
0.434377	0.206592	-0.675869
0.434744	0.207757	-0.677296
0.435112	0.208929	-0.678726
0.435479	0.210109	-0.680157
0.435847	0.211297	-0.68159
0.436214	0.212493	-0.683026
0.436582	0.213696	-0.684463
0.436949	0.214908	-0.685903
0.437317	0.216128	-0.687344
0.437684	0.217355	-0.688788
0.438052	0.218591	-0.690233
0.438419	0.219834	-0.69168
0.438787	0.221086	-0.69313
0.439154	0.222346	-0.694581
0.439522	0.223615	-0.696033
0.439889	0.224892	-0.697488
0.440257	0.226177	-0.698944
0.440624	0.22747	-0.700402
0.440992	0.228772	-0.701862
0.441359	0.230082	-0.703323
0.441727	0.231401	-0.704786
0.442094	0.232729	-0.70625
0.442462	0.234065	-0.707716
0.442829	0.235409	-0.709184
0.443197	0.236763	-0.710652
0.443564	0.238125	-0.712123
0.443932	0.239496	-0.713595
0.444299	0.240877	-0.715068
0.444667	0.242265	-0.716542
0.445034	0.243663	-0.718018
0.445402	0.24507	-0.719495
0.445769	0.246486	-0.720973
0.446137	0.247911	-0.722452
0.446504	0.249346	-0.723933
0.446872	0.250789	-0.725414
0.447239	0.252242	-0.726897
0.447607	0.253704	-0.72838
0.447974	0.255175	-0.729865
0.448342	0.256656	-0.73135
0.448709	0.258146	-0.732837
0.449077	0.259646	-0.734324
0.449444	0.261155	-0.735812
0.449812	0.262674	-0.7373
0.450179	0.264202	-0.73879
0.450547	0.26574	-0.74028
0.450914	0.267288	-0.74177
0.451282	0.268845	-0.743262
0.451649	0.270413	-0.744753
0.452017	0.27199	-0.746246
0.452384	0.273577	-0.747738
0.452752	0.275174	-0.749231
0.453119	0.276781	-0.750724
0.453487	0.278398	-0.752218
0.453854	0.280025	-0.753712
0.454222	0.281662	-0.755205
0.454589	0.283309	-0.756699
0.454957	0.284967	-0.758194
0.455324	0.286635	-0.759688
0.455692	0.288313	-0.761182
0.456059	0.290001	-0.762676
0.456427	0.2917	-0.764169
0.456794	0.29341	-0.765663
0.457162	0.295129	-0.767156
0.457529	0.29686	-0.768649
0.457897	0.2986	-0.770142
0.458264	0.300352	-0.771634
0.458632	0.302114	-0.773126
0.458999	0.303887	-0.774617
0.459367	0.30567	-0.776107
0.459734	0.307464	-0.777597
0.460102	0.309269	-0.779087
0.460469	0.311085	-0.780575
0.460837	0.312912	-0.782062
0.461204	0.314749	-0.783549
0.461571	0.316598	-0.785035
0.461939	0.318458	-0.786519
0.462306	0.320328	-0.788003
0.462674	0.32221	-0.789485
0.463041	0.324103	-0.790967
0.463409	0.326007	-0.792446
0.463776	0.327922	-0.793925
0.464144	0.329849	-0.795402
0.464511	0.331786	-0.796878
0.464879	0.333736	-0.798352
0.465246	0.335696	-0.799824
0.465614	0.337668	-0.801295
0.465981	0.339651	-0.802764
0.466349	0.341646	-0.804231
0.466716	0.343652	-0.805697
0.467084	0.34567	-0.80716
0.467451	0.347699	-0.808622
0.467819	0.34974	-0.810081
0.468186	0.351792	-0.811538
0.468554	0.353856	-0.812993
0.468921	0.355932	-0.814446
0.469289	0.35802	-0.815896
0.469656	0.360119	-0.817343
0.470024	0.36223	-0.818789
0.470391	0.364353	-0.820231
0.470759	0.366488	-0.821671
0.471126	0.368635	-0.823108
0.471494	0.370793	-0.824543
0.471861	0.372964	-0.825974
0.472229	0.375147	-0.827403
0.472596	0.377341	-0.828828
0.472964	0.379548	-0.83025
0.473331	0.381767	-0.831669
0.473699	0.383997	-0.833085
0.474066	0.38624	-0.834497
0.474434	0.388495	-0.835906
0.474801	0.390762	-0.837312
0.475169	0.393042	-0.838713
0.475536	0.395334	-0.840111
0.475904	0.397637	-0.841506
0.476271	0.399954	-0.842896
0.476639	0.402282	-0.844283
0.477006	0.404623	-0.845665
0.477374	0.406976	-0.847044
0.477741	0.409342	-0.848418
0.478109	0.411719	-0.849788
0.478476	0.41411	-0.851153
0.478844	0.416513	-0.852514
0.479211	0.418928	-0.853871
0.479579	0.421355	-0.855223
0.479946	0.423795	-0.85657
0.480314	0.426248	-0.857912
0.480681	0.428713	-0.85925
0.481049	0.431191	-0.860583
0.481416	0.433681	-0.86191
0.481784	0.436184	-0.863233
0.482151	0.4387	-0.86455
0.482519	0.441228	-0.865862
0.482886	0.443768	-0.867168
0.483254	0.446322	-0.868469
0.483621	0.448888	-0.869764
0.483989	0.451466	-0.871054
0.484356	0.454058	-0.872338
0.484724	0.456662	-0.873616
0.485091	0.459278	-0.874888
0.485459	0.461908	-0.876154
0.485826	0.46455	-0.877414
0.486194	0.467205	-0.878667
0.486561	0.469872	-0.879915
0.486929	0.472552	-0.881155
0.487296	0.475245	-0.88239
0.487664	0.477951	-0.883617
0.488031	0.48067	-0.884838
0.488398	0.483401	-0.886053
0.488766	0.486145	-0.88726
0.489133	0.488902	-0.88846
0.489501	0.491671	-0.889653
0.489868	0.494454	-0.890839
0.490236	0.497249	-0.892018
0.490603	0.500057	-0.893189
0.490971	0.502878	-0.894353
0.491338	0.505711	-0.895509
0.491706	0.508557	-0.896658
0.492073	0.511416	-0.897799
0.492441	0.514288	-0.898931
0.492808	0.517173	-0.900056
0.493176	0.52007	-0.901173
0.493543	0.52298	-0.902282
0.493911	0.525903	-0.903382
0.494278	0.528838	-0.904474
0.494646	0.531787	-0.905557
0.495013	0.534748	-0.906632
0.495381	0.537721	-0.907698
0.495748	0.540708	-0.908756
0.496116	0.543707	-0.909804
0.496483	0.546719	-0.910844
0.496851	0.549743	-0.911874
0.497218	0.55278	-0.912896
0.497586	0.55583	-0.913907
0.497953	0.558892	-0.91491
0.498321	0.561967	-0.915903
0.498688	0.565055	-0.916886
0.499056	0.568155	-0.91786
0.499423	0.571268	-0.918824
0.499791	0.574393	-0.919778
0.500158	0.577531	-0.920722
0.500526	0.580682	-0.921655
0.500893	0.583844	-0.922579
0.501261	0.58702	-0.923492
0.501628	0.590207	-0.924395
0.501996	0.593408	-0.925287
0.502363	0.59662	-0.926169
0.502731	0.599845	-0.92704
0.503098	0.603082	-0.9279
0.503466	0.606332	-0.928748
0.503833	0.609594	-0.929586
0.504201	0.612868	-0.930413
0.504568	0.616154	-0.931228
0.504936	0.619453	-0.932033
0.505303	0.622764	-0.932825
0.505671	0.626086	-0.933606
0.506038	0.629421	-0.934375
0.506406	0.632768	-0.935133
0.506773	0.636127	-0.935878
0.507141	0.639498	-0.936612
0.507508	0.642882	-0.937333
0.507876	0.646276	-0.938042
0.508243	0.649683	-0.938739
0.508611	0.653102	-0.939423
0.508978	0.656532	-0.940095
0.509346	0.659975	-0.940754
0.509713	0.663429	-0.9414
0.510081	0.666894	-0.942033
0.510448	0.670372	-0.942654
0.510816	0.673861	-0.943261
0.511183	0.677361	-0.943855
0.511551	0.680873	-0.944436
0.511918	0.684396	-0.945004
0.512286	0.687931	-0.945558
0.512653	0.691478	-0.946098
0.513021	0.695035	-0.946624
0.513388	0.698604	-0.947137
0.513756	0.702184	-0.947636
0.514123	0.705775	-0.948121
0.514491	0.709377	-0.948591
0.514858	0.71299	-0.949048
0.515225	0.716615	-0.94949
0.515593	0.72025	-0.949917
0.51596	0.723896	-0.95033
0.516328	0.727553	-0.950729
0.516695	0.73122	-0.951112
0.517063	0.734899	-0.951481
0.51743	0.738588	-0.951834
0.517798	0.742287	-0.952173
0.518165	0.745998	-0.952496
0.518533	0.749718	-0.952804
0.5189	0.753449	-0.953097
0.519268	0.75719	-0.953374
0.519635	0.760942	-0.953636
0.520003	0.764703	-0.953882
0.52037	0.768475	-0.954112
0.520738	0.772257	-0.954326
0.521105	0.776049	-0.954524
0.521473	0.779851	-0.954706
0.52184	0.783662	-0.954872
0.522208	0.787484	-0.955021
0.522575	0.791315	-0.955154
0.522943	0.795156	-0.955271
0.52331	0.799006	-0.955371
0.523678	0.802865	-0.955454
0.524045	0.806735	-0.95552
0.524413	0.810613	-0.95557
0.52478	0.814501	-0.955602
0.525148	0.818397	-0.955618
0.525515	0.822303	-0.955616
0.525883	0.826218	-0.955597
0.52625	0.830142	-0.95556
0.526618	0.834074	-0.955506
0.526985	0.838016	-0.955434
0.527353	0.841965	-0.955345
0.52772	0.845924	-0.955237
0.528088	0.849891	-0.955112
0.528455	0.853866	-0.954969
0.528823	0.85785	-0.954808
0.52919	0.861842	-0.954629
0.529558	0.865842	-0.954431
0.529925	0.86985	-0.954215
0.530293	0.873866	-0.953981
0.53066	0.877889	-0.953728
0.531028	0.881921	-0.953456
0.531395	0.88596	-0.953166
0.531763	0.890007	-0.952856
0.53213	0.894061	-0.952528
0.532498	0.898122	-0.952181
0.532865	0.902191	-0.951815
0.533233	0.906267	-0.95143
0.5336	0.91035	-0.951025
0.533968	0.91444	-0.950601
0.534335	0.918537	-0.950158
0.534703	0.92264	-0.949695
0.53507	0.92675	-0.949212
0.535438	0.930867	-0.94871
0.535805	0.93499	-0.948188
0.536173	0.939119	-0.947646
0.53654	0.943255	-0.947084
0.536908	0.947397	-0.946502
0.537275	0.951544	-0.9459
0.537643	0.955698	-0.945278
0.53801	0.959857	-0.944635
0.538378	0.964022	-0.943972
0.538745	0.968193	-0.943289
0.539113	0.972369	-0.942585
0.53948	0.97655	-0.941861
0.539848	0.980737	-0.941116
0.540215	0.984929	-0.94035
0.540583	0.989125	-0.939563
0.54095	0.993327	-0.938756
0.541318	0.997533	-0.937927
0.541685	1.00174	-0.937077
0.542053	1.00596	-0.936207
0.54242	1.01018	-0.935315
0.542787	1.0144	-0.934402
0.543155	1.01863	-0.933467
0.543522	1.02286	-0.932511
0.54389	1.0271	-0.931534
0.544257	1.03134	-0.930535
0.544625	1.03558	-0.929514
0.544992	1.03983	-0.928472
0.54536	1.04408	-0.927408
0.545727	1.04833	-0.926322
0.546095	1.05259	-0.925214
0.546462	1.05685	-0.924085
0.54683	1.06111	-0.922933
0.547197	1.06538	-0.921759
0.547565	1.06964	-0.920563
0.547932	1.07391	-0.919345
0.5483	1.07819	-0.918105
0.548667	1.08246	-0.916842
0.549035	1.08674	-0.915557
0.549402	1.09102	-0.91425
0.54977	1.0953	-0.91292
0.550137	1.09958	-0.911568
0.550505	1.10386	-0.910193
0.550872	1.10815	-0.908795
0.55124	1.11243	-0.907375
0.551607	1.11672	-0.905931
0.551975	1.12101	-0.904466
0.552342	1.1253	-0.902977
0.55271	1.12959	-0.901465
0.553077	1.13388	-0.899931
0.553445	1.13817	-0.898373
0.553812	1.14246	-0.896793
0.55418	1.14675	-0.895189
0.554547	1.15105	-0.893562
0.554915	1.15534	-0.891912
0.555282	1.15963	-0.890239
0.55565	1.16392	-0.888543
0.556017	1.16821	-0.886823
0.556385	1.1725	-0.88508
0.556752	1.17678	-0.883314
0.55712	1.18107	-0.881524
0.557487	1.18536	-0.879711
0.557855	1.18964	-0.877874
0.558222	1.19392	-0.876014
0.55859	1.19821	-0.87413
0.558957	1.20249	-0.872223
0.559325	1.20676	-0.870292
0.559692	1.21104	-0.868337
0.56006	1.21531	-0.866359
0.560427	1.21958	-0.864357
0.560795	1.22385	-0.862332
0.561162	1.22812	-0.860283
0.56153	1.23238	-0.858209
0.561897	1.23664	-0.856113
0.562265	1.24089	-0.853992
0.562632	1.24515	-0.851848
0.563	1.2494	-0.849679
0.563367	1.25364	-0.847487
0.563735	1.25789	-0.845271
0.564102	1.26212	-0.843031
0.56447	1.26636	-0.840768
0.564837	1.27059	-0.83848
0.565205	1.27481	-0.836168
0.565572	1.27903	-0.833833
0.56594	1.28325	-0.831473
0.566307	1.28746	-0.829089
0.566675	1.29167	-0.826682
0.567042	1.29587	-0.824251
0.56741	1.30007	-0.821795
0.567777	1.30426	-0.819316
0.568145	1.30844	-0.816812
0.568512	1.31262	-0.814285
0.56888	1.31679	-0.811733
0.569247	1.32096	-0.809158
0.569614	1.32512	-0.806559
0.569982	1.32927	-0.803935
0.570349	1.33342	-0.801288
0.570717	1.33756	-0.798617
0.571084	1.34169	-0.795921
0.571452	1.34582	-0.793202
0.571819	1.34994	-0.790459
0.572187	1.35405	-0.787692
0.572554	1.35815	-0.784901
0.572922	1.36225	-0.782086
0.573289	1.36633	-0.779247
0.573657	1.37041	-0.776384
0.574024	1.37449	-0.773497
0.574392	1.37855	-0.770587
0.574759	1.3826	-0.767652
0.575127	1.38665	-0.764694
0.575494	1.39069	-0.761712
0.575862	1.39471	-0.758706
0.576229	1.39873	-0.755677
0.576597	1.40274	-0.752624
0.576964	1.40674	-0.749547
0.577332	1.41073	-0.746446
0.577699	1.41471	-0.743322
0.578067	1.41868	-0.740174
0.578434	1.42264	-0.737003
0.578802	1.42659	-0.733808
0.579169	1.43053	-0.730589
0.579537	1.43445	-0.727347
0.579904	1.43837	-0.724082
0.580272	1.44228	-0.720793
0.580639	1.44617	-0.717481
0.581007	1.45005	-0.714145
0.581374	1.45392	-0.710786
0.581742	1.45778	-0.707404
0.582109	1.46163	-0.703999
0.582477	1.46547	-0.700571
0.582844	1.46929	-0.697119
0.583212	1.4731	-0.693645
0.583579	1.4769	-0.690147
0.583947	1.48069	-0.686626
0.584314	1.48446	-0.683083
0.584682	1.48822	-0.679517
0.585049	1.49197	-0.675928
0.585417	1.4957	-0.672316
0.585784	1.49942	-0.668681
0.586152	1.50313	-0.665024
0.586519	1.50682	-0.661344
0.586887	1.5105	-0.657642
0.587254	1.51417	-0.653918
0.587622	1.51782	-0.65017
0.587989	1.52145	-0.646401
0.588357	1.52507	-0.642609
0.588724	1.52868	-0.638796
0.589092	1.53227	-0.63496
0.589459	1.53585	-0.631102
0.589827	1.53941	-0.627222
0.590194	1.54296	-0.62332
0.590562	1.54649	-0.619396
0.590929	1.55	-0.615451
0.591297	1.5535	-0.611484
0.591664	1.55698	-0.607495
0.592032	1.56045	-0.603485
0.592399	1.5639	-0.599453
0.592767	1.56733	-0.5954
0.593134	1.57075	-0.591326
0.593502	1.57415	-0.58723
0.593869	1.57753	-0.583113
0.594237	1.5809	-0.578976
0.594604	1.58425	-0.574817
0.594972	1.58758	-0.570638
0.595339	1.59089	-0.566437
0.595707	1.59419	-0.562216
0.596074	1.59747	-0.557975
0.596441	1.60073	-0.553713
0.596809	1.60397	-0.54943
0.597176	1.60719	-0.545128
0.597544	1.6104	-0.540805
0.597911	1.61359	-0.536462
0.598279	1.61675	-0.532099
0.598646	1.6199	-0.527716
0.599014	1.62303	-0.523313
0.599381	1.62614	-0.518891
0.599749	1.62924	-0.514449
0.600116	1.63231	-0.509987
0.600484	1.63536	-0.505506
0.600851	1.63839	-0.501006
0.601219	1.64141	-0.496487
0.601586	1.6444	-0.491948
0.601954	1.64737	-0.487391
0.602321	1.65032	-0.482815
0.602689	1.65325	-0.47822
0.603056	1.65617	-0.473606
0.603424	1.65906	-0.468974
0.603791	1.66192	-0.464324
0.604159	1.66477	-0.459655
0.604526	1.6676	-0.454969
0.604894	1.67041	-0.450264
0.605261	1.67319	-0.445541
0.605629	1.67595	-0.440801
0.605996	1.67869	-0.436043
0.606364	1.68141	-0.431267
0.606731	1.68411	-0.426474
0.607099	1.68679	-0.421664
0.607466	1.68944	-0.416836
0.607834	1.69207	-0.411992
0.608201	1.69468	-0.40713
0.608569	1.69726	-0.402252
0.608936	1.69983	-0.397357
0.609304	1.70237	-0.392446
0.609671	1.70488	-0.387519
0.610039	1.70738	-0.382575
0.610406	1.70985	-0.377615
0.610774	1.7123	-0.372639
0.611141	1.71472	-0.367647
0.611509	1.71712	-0.36264
0.611876	1.7195	-0.357617
0.612244	1.72185	-0.352579
0.612611	1.72418	-0.347525
0.612979	1.72648	-0.342457
0.613346	1.72876	-0.337373
0.613714	1.73102	-0.332275
0.614081	1.73325	-0.327162
0.614449	1.73546	-0.322034
0.614816	1.73764	-0.316892
0.615184	1.7398	-0.311736
0.615551	1.74194	-0.306566
0.615919	1.74404	-0.301382
0.616286	1.74613	-0.296184
0.616654	1.74819	-0.290972
0.617021	1.75022	-0.285747
0.617389	1.75223	-0.280509
0.617756	1.75421	-0.275257
0.618124	1.75617	-0.269993
0.618491	1.7581	-0.264715
0.618859	1.76	-0.259425
0.619226	1.76188	-0.254123
0.619594	1.76374	-0.248808
0.619961	1.76556	-0.243481
0.620329	1.76736	-0.238141
0.620696	1.76914	-0.23279
0.621064	1.77089	-0.227427
0.621431	1.77261	-0.222053
0.621799	1.77431	-0.216667
0.622166	1.77598	-0.21127
0.622534	1.77762	-0.205862
0.622901	1.77924	-0.200443
0.623269	1.78082	-0.195013
0.623636	1.78239	-0.189573
0.624003	1.78392	-0.184122
0.624371	1.78543	-0.178662
0.624738	1.78691	-0.173191
0.625106	1.78837	-0.16771
0.625473	1.78979	-0.162219
0.625841	1.79119	-0.156719
0.626208	1.79256	-0.151209
0.626576	1.79391	-0.145691
0.626943	1.79522	-0.140163
0.627311	1.79651	-0.134626
0.627678	1.79777	-0.129081
0.628046	1.79901	-0.123527
0.628413	1.80021	-0.117965
0.628781	1.80139	-0.112395
0.629148	1.80254	-0.106817
0.629516	1.80366	-0.101231
0.629883	1.80475	-0.0956372
0.630251	1.80582	-0.0900361
0.630618	1.80686	-0.0844278
0.630986	1.80786	-0.0788124
0.631353	1.80884	-0.0731901
0.631721	1.8098	-0.0675611
0.632088	1.81072	-0.0619256
0.632456	1.81161	-0.0562837
0.632823	1.81248	-0.0506357
0.633191	1.81332	-0.0449816
0.633558	1.81413	-0.0393218
0.633926	1.81491	-0.0336563
0.634293	1.81566	-0.0279854
0.634661	1.81638	-0.0223093
0.635028	1.81707	-0.0166281
0.635396	1.81774	-0.010942
0.635763	1.81838	-0.0052512
0.636131	1.81898	0.000444094
0.636498	1.81956	0.00614371
0.636866	1.82011	0.0118475
0.637233	1.82063	0.0175551
0.637601	1.82112	0.0232666
0.637968	1.82158	0.0289816
0.638336	1.82201	0.0347
0.638703	1.82242	0.0404217
0.639071	1.82279	0.0461463
0.639438	1.82313	0.0518737
0.639806	1.82345	0.0576038
0.640173	1.82374	0.0633363
0.640541	1.82399	0.069071
0.640908	1.82422	0.0748078
0.641276	1.82442	0.0805465
0.641643	1.82459	0.0862869
0.642011	1.82473	0.0920288
0.642378	1.82484	0.0977719
0.642746	1.82492	0.103516
0.643113	1.82497	0.109261
0.643481	1.82499	0.115007
0.643848	1.82498	0.120754
0.644216	1.82494	0.126501
0.644583	1.82488	0.132248
0.644951	1.82478	0.137994
0.645318	1.82465	0.143741
0.645686	1.8245	0.149487
0.646053	1.82431	0.155233
0.646421	1.8241	0.160978
0.646788	1.82386	0.166722
0.647156	1.82358	0.172465
0.647523	1.82328	0.178206
0.647891	1.82295	0.183946
0.648258	1.82259	0.189684
0.648626	1.8222	0.19542
0.648993	1.82178	0.201154
0.649361	1.82133	0.206885
0.649728	1.82085	0.212614
0.650096	1.82034	0.218341
0.650463	1.8198	0.224064
0.65083	1.81923	0.229785
0.651198	1.81864	0.235502
0.651565	1.81801	0.241215
0.651933	1.81736	0.246925
0.6523	1.81667	0.252631
0.652668	1.81596	0.258333
0.653035	1.81521	0.264031
0.653403	1.81444	0.269724
0.65377	1.81364	0.275413
0.654138	1.81281	0.281097
0.654505	1.81195	0.286776
0.654873	1.81106	0.29245
0.65524	1.81015	0.298118
0.655608	1.8092	0.303781
0.655975	1.80822	0.309438
0.656343	1.80722	0.315089
0.65671	1.80619	0.320735
0.657078	1.80512	0.326373
0.657445	1.80403	0.332006
0.657813	1.80291	0.337631
0.65818	1.80177	0.34325
0.658548	1.80059	0.348862
0.658915	1.79939	0.354466
0.659283	1.79815	0.360063
0.65965	1.79689	0.365652
0.660018	1.7956	0.371234
0.660385	1.79428	0.376808
0.660753	1.79293	0.382373
0.66112	1.79156	0.38793
0.661488	1.79015	0.393479
0.661855	1.78872	0.399019
0.662223	1.78726	0.40455
0.66259	1.78577	0.410072
0.662958	1.78426	0.415585
0.663325	1.78271	0.421088
0.663693	1.78114	0.426582
0.66406	1.77954	0.432066
0.664428	1.77792	0.43754
0.664795	1.77626	0.443004
0.665163	1.77458	0.448457
0.66553	1.77287	0.4539
0.665898	1.77114	0.459333
0.666265	1.76937	0.464754
0.666633	1.76758	0.470165
0.667	1.76576	0.475564
0.667368	1.76392	0.480952
0.667735	1.76204	0.486329
0.668103	1.76015	0.491694
0.66847	1.75822	0.497047
0.668838	1.75627	0.502387
0.669205	1.75429	0.507716
0.669573	1.75228	0.513032
0.66994	1.75025	0.518336
0.670308	1.74819	0.523627
0.670675	1.74611	0.528905
0.671043	1.744	0.53417
0.67141	1.74186	0.539422
0.671778	1.7397	0.544661
0.672145	1.73751	0.549886
0.672513	1.73529	0.555097
0.67288	1.73305	0.560294
0.673248	1.73079	0.565477
0.673615	1.72849	0.570647
0.673983	1.72618	0.575801
0.67435	1.72384	0.580942
0.674718	1.72147	0.586067
0.675085	1.71908	0.591178
0.675453	1.71666	0.596274
0.67582	1.71422	0.601354
0.676188	1.71175	0.60642
0.676555	1.70926	0.611469
0.676923	1.70674	0.616504
0.67729	1.7042	0.621522
0.677658	1.70164	0.626525
0.678025	1.69905	0.631512
0.678392	1.69644	0.636482
0.67876	1.6938	0.641436
0.679127	1.69114	0.646373
0.679495	1.68846	0.651294
0.679862	1.68575	0.656198
0.68023	1.68302	0.661086
0.680597	1.68027	0.665956
0.680965	1.67749	0.670809
0.681332	1.67469	0.675644
0.6817	1.67186	0.680462
0.682067	1.66902	0.685262
0.682435	1.66615	0.690045
0.682802	1.66326	0.69481
0.68317	1.66034	0.699556
0.683537	1.65741	0.704285
0.683905	1.65445	0.708995
0.684272	1.65147	0.713687
0.68464	1.64847	0.71836
0.685007	1.64544	0.723014
0.685375	1.6424	0.72765
0.685742	1.63933	0.732266
0.68611	1.63624	0.736864
0.686477	1.63313	0.741442
0.686845	1.63	0.746001
0.687212	1.62685	0.75054
0.68758	1.62368	0.75506
0.687947	1.62048	0.75956
0.688315	1.61727	0.76404
0.688682	1.61404	0.768501
0.68905	1.61078	0.772941
0.689417	1.60751	0.777361
0.689785	1.60421	0.78176
0.690152	1.6009	0.78614
0.69052	1.59757	0.790498
0.690887	1.59421	0.794836
0.691255	1.59084	0.799154
0.691622	1.58745	0.80345
0.69199	1.58404	0.807726
0.692357	1.58061	0.81198
0.692725	1.57716	0.816213
0.693092	1.5737	0.820425
0.69346	1.57021	0.824615
0.693827	1.56671	0.828784
0.694195	1.56319	0.832932
0.694562	1.55965	0.837057
0.69493	1.55609	0.841161
0.695297	1.55252	0.845243
0.695665	1.54892	0.849303
0.696032	1.54531	0.853341
0.6964	1.54169	0.857356
0.696767	1.53804	0.86135
0.697135	1.53438	0.865321
0.697502	1.53071	0.869269
0.69787	1.52701	0.873195
0.698237	1.5233	0.877098
0.698605	1.51958	0.880979
0.698972	1.51584	0.884836
0.69934	1.51208	0.888671
0.699707	1.5083	0.892483
0.700075	1.50451	0.896272
0.700442	1.50071	0.900038
0.70081	1.49689	0.90378
0.701177	1.49305	0.907499
0.701545	1.4892	0.911195
0.701912	1.48534	0.914867
0.70228	1.48146	0.918516
0.702647	1.47757	0.922141
0.703015	1.47366	0.925743
0.703382	1.46974	0.929321
0.70375	1.4658	0.932875
0.704117	1.46185	0.936405
0.704485	1.45789	0.939911
0.704852	1.45392	0.943393
0.705219	1.44993	0.946851
0.705587	1.44592	0.950286
0.705954	1.44191	0.953695
0.706322	1.43788	0.957081
0.706689	1.43384	0.960442
0.707057	1.42979	0.963779
0.707424	1.42572	0.967092
0.707792	1.42165	0.97038
0.708159	1.41756	0.973644
0.708527	1.41346	0.976883
0.708894	1.40935	0.980098
0.709262	1.40522	0.983287
0.709629	1.40109	0.986453
0.709997	1.39694	0.989593
0.710364	1.39279	0.992709
0.710732	1.38862	0.995799
0.711099	1.38444	0.998865
0.711467	1.38026	1.00191
0.711834	1.37606	1.00492
0.712202	1.37185	1.00791
0.712569	1.36764	1.01088
0.712937	1.36341	1.01382
0.713304	1.35917	1.01674
0.713672	1.35493	1.01963
0.714039	1.35068	1.02249
0.714407	1.34641	1.02533
0.714774	1.34214	1.02815
0.715142	1.33786	1.03094
0.715509	1.33357	1.0337
0.715877	1.32928	1.03644
0.716244	1.32497	1.03916
0.716612	1.32066	1.04185
0.716979	1.31634	1.04451
0.717347	1.31201	1.04715
0.717714	1.30768	1.04976
0.718082	1.30334	1.05235
0.718449	1.29899	1.05491
0.718817	1.29463	1.05745
0.719184	1.29027	1.05996
0.719552	1.2859	1.06245
0.719919	1.28153	1.06491
0.720287	1.27715	1.06734
0.720654	1.27276	1.06975
0.721022	1.26837	1.07214
0.721389	1.26397	1.07449
0.721757	1.25956	1.07683
0.722124	1.25516	1.07914
0.722492	1.25074	1.08142
0.722859	1.24632	1.08367
0.723227	1.2419	1.08591
0.723594	1.23747	1.08811
0.723962	1.23304	1.09029
0.724329	1.22861	1.09245
0.724697	1.22417	1.09458
0.725064	1.21972	1.09668
0.725432	1.21527	1.09876
0.725799	1.21082	1.10081
0.726167	1.20637	1.10284
0.726534	1.20191	1.10485
0.726902	1.19745	1.10682
0.727269	1.19299	1.10878
0.727637	1.18852	1.1107
0.728004	1.18405	1.1126
0.728372	1.17958	1.11448
0.728739	1.17511	1.11633
0.729107	1.17064	1.11816
0.729474	1.16616	1.11996
0.729842	1.16168	1.12173
0.730209	1.1572	1.12348
0.730577	1.15272	1.12521
0.730944	1.14824	1.12691
0.731312	1.14376	1.12859
0.731679	1.13927	1.13024
0.732046	1.13479	1.13186
0.732414	1.1303	1.13346
0.732781	1.12582	1.13504
0.733149	1.12133	1.13659
0.733516	1.11685	1.13811
0.733884	1.11236	1.13961
0.734251	1.10788	1.14109
0.734619	1.10339	1.14254
0.734986	1.09891	1.14397
