# Frequency (eV) 	 HHG Real 	 Imaginary
0	0
0.000367493	1.05707e-10
0.000734986	4.24785e-10
0.00110248	9.63076e-10
0.00146997	1.73022e-09
0.00183747	2.73953e-09
0.00220496	4.00775e-09
0.00257245	5.55487e-09
0.00293995	7.40381e-09
0.00330744	9.58006e-09
0.00367493	1.21114e-08
0.00404243	1.50274e-08
0.00440992	1.8359e-08
0.00477741	2.21383e-08
0.00514491	2.63978e-08
0.0055124	3.11703e-08
0.00587989	3.64881e-08
0.00624738	4.2383e-08
0.00661488	4.88856e-08
0.00698237	5.60249e-08
0.00734986	6.38282e-08
0.00771736	7.23209e-08
0.00808485	8.15257e-08
0.00845234	9.1463e-08
0.00881984	1.0215e-07
0.00918733	1.13602e-07
0.00955482	1.2583e-07
0.00992232	1.38842e-07
0.0102898	1.52645e-07
0.0106573	1.67241e-07
0.0110248	1.82628e-07
0.0113923	1.98804e-07
0.0117598	2.15762e-07
0.0121273	2.33492e-07
0.0124948	2.51982e-07
0.0128623	2.71219e-07
0.0132298	2.91183e-07
0.0135972	3.11855e-07
0.0139647	3.33213e-07
0.0143322	3.55232e-07
0.0146997	3.77883e-07
0.0150672	4.01138e-07
0.0154347	4.24964e-07
0.0158022	4.49325e-07
0.0161697	4.74184e-07
0.0165372	4.99501e-07
0.0169047	5.25232e-07
0.0172722	5.51333e-07
0.0176397	5.77754e-07
0.0180072	6.04445e-07
0.0183747	6.31353e-07
0.0187422	6.5842e-07
0.0191096	6.85589e-07
0.0194771	7.12798e-07
0.0198446	7.39987e-07
0.0202121	7.6709e-07
0.0205796	7.94042e-07
0.0209471	8.20779e-07
0.0213146	8.47235e-07
0.0216821	8.73345e-07
0.0220496	8.99046e-07
0.0224171	9.24275e-07
0.0227846	9.48974e-07
0.0231521	9.73088e-07
0.0235196	9.96565e-07
0.0238871	1.01936e-06
0.0242546	1.04143e-06
0.024622	1.06274e-06
0.0249895	1.08327e-06
0.025357	1.10299e-06
0.0257245	1.12188e-06
0.026092	1.13995e-06
0.0264595	1.15719e-06
0.026827	1.17362e-06
0.0271945	1.18924e-06
0.027562	1.20409e-06
0.0279295	1.21819e-06
0.028297	1.23157e-06
0.0286645	1.24427e-06
0.029032	1.25633e-06
0.0293995	1.26781e-06
0.029767	1.27874e-06
0.0301344	1.28917e-06
0.0305019	1.29914e-06
0.0308694	1.30869e-06
0.0312369	1.31787e-06
0.0316044	1.3267e-06
0.0319719	1.33521e-06
0.0323394	1.34342e-06
0.0327069	1.35135e-06
0.0330744	1.35898e-06
0.0334419	1.36633e-06
0.0338094	1.37336e-06
0.0341769	1.38007e-06
0.0345444	1.38641e-06
0.0349119	1.39235e-06
0.0352793	1.39784e-06
0.0356468	1.40282e-06
0.0360143	1.40723e-06
0.0363818	1.41102e-06
0.0367493	1.41411e-06
0.0371168	1.41645e-06
0.0374843	1.41796e-06
0.0378518	1.41858e-06
0.0382193	1.41827e-06
0.0385868	1.41696e-06
0.0389543	1.41461e-06
0.0393218	1.4112e-06
0.0396893	1.4067e-06
0.0400568	1.4011e-06
0.0404243	1.39441e-06
0.0407917	1.38665e-06
0.0411592	1.37784e-06
0.0415267	1.36804e-06
0.0418942	1.3573e-06
0.0422617	1.34569e-06
0.0426292	1.33332e-06
0.0429967	1.32026e-06
0.0433642	1.30663e-06
0.0437317	1.29254e-06
0.0440992	1.27811e-06
0.0444667	1.26347e-06
0.0448342	1.24874e-06
0.0452017	1.23404e-06
0.0455692	1.2195e-06
0.0459367	1.20522e-06
0.0463041	1.19133e-06
0.0466716	1.1779e-06
0.0470391	1.16502e-06
0.0474066	1.15276e-06
0.0477741	1.14118e-06
0.0481416	1.1303e-06
0.0485091	1.12015e-06
0.0488766	1.11071e-06
0.0492441	1.10198e-06
0.0496116	1.09391e-06
0.0499791	1.08644e-06
0.0503466	1.07951e-06
0.0507141	1.07302e-06
0.0510816	1.06687e-06
0.0514491	1.06096e-06
0.0518165	1.05515e-06
0.052184	1.04933e-06
0.0525515	1.04337e-06
0.052919	1.03714e-06
0.0532865	1.03051e-06
0.053654	1.02335e-06
0.0540215	1.01557e-06
0.054389	1.00706e-06
0.0547565	9.97725e-07
0.055124	9.87507e-07
0.0554915	9.7635e-07
0.055859	9.64221e-07
0.0562265	9.51109e-07
0.056594	9.37021e-07
0.0569614	9.2199e-07
0.0573289	9.06065e-07
0.0576964	8.89321e-07
0.0580639	8.71846e-07
0.0584314	8.53751e-07
0.0587989	8.35159e-07
0.0591664	8.16208e-07
0.0595339	7.97043e-07
0.0599014	7.77821e-07
0.0602689	7.587e-07
0.0606364	7.3984e-07
0.0610039	7.21397e-07
0.0613714	7.03523e-07
0.0617389	6.86361e-07
0.0621064	6.7004e-07
0.0624738	6.54676e-07
0.0628413	6.40367e-07
0.0632088	6.27191e-07
0.0635763	6.15204e-07
0.0639438	6.0444e-07
0.0643113	5.94911e-07
0.0646788	5.86602e-07
0.0650463	5.79478e-07
0.0654138	5.73477e-07
0.0657813	5.68519e-07
0.0661488	5.645e-07
0.0665163	5.61302e-07
0.0668838	5.58789e-07
0.0672513	5.56812e-07
0.0676188	5.55214e-07
0.0679862	5.53831e-07
0.0683537	5.52495e-07
0.0687212	5.51042e-07
0.0690887	5.49308e-07
0.0694562	5.47141e-07
0.0698237	5.44397e-07
0.0701912	5.40948e-07
0.0705587	5.36682e-07
0.0709262	5.31507e-07
0.0712937	5.25351e-07
0.0716612	5.18166e-07
0.0720287	5.09928e-07
0.0723962	5.00637e-07
0.0727637	4.90318e-07
0.0731312	4.79021e-07
0.0734986	4.66816e-07
0.0738661	4.53797e-07
0.0742336	4.40077e-07
0.0746011	4.25788e-07
0.0749686	4.11073e-07
0.0753361	3.9609e-07
0.0757036	3.81002e-07
0.0760711	3.65979e-07
0.0764386	3.51192e-07
0.0768061	3.3681e-07
0.0771736	3.22994e-07
0.0775411	3.09898e-07
0.0779086	2.97662e-07
0.0782761	2.86412e-07
0.0786435	2.76255e-07
0.079011	2.67278e-07
0.0793785	2.59545e-07
0.079746	2.53098e-07
0.0801135	2.47954e-07
0.080481	2.44105e-07
0.0808485	2.41519e-07
0.081216	2.40138e-07
0.0815835	2.39885e-07
0.081951	2.40659e-07
0.0823185	2.4234e-07
0.082686	2.44793e-07
0.0830535	2.47866e-07
0.083421	2.514e-07
0.0837885	2.55225e-07
0.0841559	2.59168e-07
0.0845234	2.63057e-07
0.0848909	2.66721e-07
0.0852584	2.69995e-07
0.0856259	2.72726e-07
0.0859934	2.74771e-07
0.0863609	2.76005e-07
0.0867284	2.76321e-07
0.0870959	2.75631e-07
0.0874634	2.7387e-07
0.0878309	2.70999e-07
0.0881984	2.66999e-07
0.0885659	2.61879e-07
0.0889334	2.55673e-07
0.0893009	2.48436e-07
0.0896683	2.40248e-07
0.0900358	2.3121e-07
0.0904033	2.21442e-07
0.0907708	2.11081e-07
0.0911383	2.00276e-07
0.0915058	1.89189e-07
0.0918733	1.77988e-07
0.0922408	1.66846e-07
0.0926083	1.55935e-07
0.0929758	1.45425e-07
0.0933433	1.35478e-07
0.0937108	1.26246e-07
0.0940783	1.17869e-07
0.0944458	1.10467e-07
0.0948133	1.04145e-07
0.0951807	9.89837e-08
0.0955482	9.50416e-08
0.0959157	9.23524e-08
0.0962832	9.09248e-08
0.0966507	9.07416e-08
0.0970182	9.17601e-08
0.0973857	9.3913e-08
0.0977532	9.71099e-08
0.0981207	1.01238e-07
0.0984882	1.06168e-07
0.0988557	1.11749e-07
0.0992232	1.17822e-07
0.0995907	1.24215e-07
0.0999582	1.3075e-07
0.100326	1.37247e-07
0.100693	1.43525e-07
0.101061	1.49412e-07
0.101428	1.54742e-07
0.101796	1.59361e-07
0.102163	1.63133e-07
0.102531	1.65939e-07
0.102898	1.67681e-07
0.103266	1.68286e-07
0.103633	1.67707e-07
0.104001	1.6592e-07
0.104368	1.62931e-07
0.104736	1.58771e-07
0.105103	1.53497e-07
0.105471	1.47192e-07
0.105838	1.39961e-07
0.106206	1.3193e-07
0.106573	1.23242e-07
0.106941	1.14057e-07
0.107308	1.04544e-07
0.107676	9.48792e-08
0.108043	8.5243e-08
0.108411	7.58147e-08
0.108778	6.67687e-08
0.109145	5.82709e-08
0.109513	5.04745e-08
0.10988	4.35172e-08
0.110248	3.75173e-08
0.110615	3.25718e-08
0.110983	2.87539e-08
0.11135	2.61118e-08
0.111718	2.46671e-08
0.112085	2.44151e-08
0.112453	2.53248e-08
0.11282	2.73394e-08
0.113188	3.03785e-08
0.113555	3.43396e-08
0.113923	3.91007e-08
0.11429	4.45232e-08
0.114658	5.04555e-08
0.115025	5.67361e-08
0.115393	6.3198e-08
0.11576	6.9672e-08
0.116128	7.59911e-08
0.116495	8.1994e-08
0.116863	8.75287e-08
0.11723	9.24563e-08
0.117598	9.66533e-08
0.117965	1.00015e-07
0.118333	1.02457e-07
0.1187	1.03918e-07
0.119068	1.04358e-07
0.119435	1.03763e-07
0.119803	1.02142e-07
0.12017	9.9526e-08
0.120538	9.597e-08
0.120905	9.15483e-08
0.121273	8.63538e-08
0.12164	8.0495e-08
0.122008	7.4094e-08
0.122375	6.72826e-08
0.122743	6.01999e-08
0.12311	5.29882e-08
0.123478	4.57908e-08
0.123845	3.87478e-08
0.124213	3.19936e-08
0.12458	2.56542e-08
0.124948	1.98443e-08
0.125315	1.46652e-08
0.125683	1.02032e-08
0.12605	6.52787e-09
0.126418	3.69132e-09
0.126785	1.72731e-09
0.127153	6.51295e-10
0.12752	4.60572e-10
0.127888	1.13494e-09
0.128255	2.63763e-09
0.128623	4.91664e-09
0.12899	7.90623e-09
0.129358	1.15287e-08
0.129725	1.56963e-08
0.130093	2.03134e-08
0.13046	2.52783e-08
0.130828	3.04856e-08
0.131195	3.58284e-08
0.131563	4.11999e-08
0.13193	4.64956e-08
0.132298	5.1615e-08
0.132665	5.64632e-08
0.133033	6.09525e-08
0.1334	6.50033e-08
0.133768	6.85453e-08
0.134135	7.15187e-08
0.134503	7.38742e-08
0.13487	7.55743e-08
0.135238	7.65928e-08
0.135605	7.69155e-08
0.135972	7.65402e-08
0.13634	7.54762e-08
0.136707	7.37447e-08
0.137075	7.13777e-08
0.137442	6.84181e-08
0.13781	6.49188e-08
0.138177	6.09422e-08
0.138545	5.65596e-08
0.138912	5.18497e-08
0.13928	4.68984e-08
0.139647	4.17972e-08
0.140015	3.66419e-08
0.140382	3.15318e-08
0.14075	2.65678e-08
0.141117	2.1851e-08
0.141485	1.74811e-08
0.141852	1.35547e-08
0.14222	1.01632e-08
0.142587	7.3913e-09
0.142955	5.3151e-09
0.143322	4.00007e-09
0.14369	3.49947e-09
0.144057	3.85263e-09
0.144425	5.08351e-09
0.144792	7.19937e-09
0.14516	1.01898e-08
0.145527	1.40262e-08
0.145895	1.8661e-08
0.146262	2.40282e-08
0.14663	3.00438e-08
0.146997	3.66064e-08
0.147365	4.3599e-08
0.147732	5.0891e-08
0.1481	5.83399e-08
0.148467	6.57947e-08
0.148835	7.30989e-08
0.149202	8.00937e-08
0.14957	8.66219e-08
0.149937	9.25318e-08
0.150305	9.76809e-08
0.150672	1.0194e-07
0.15104	1.05197e-07
0.151407	1.07361e-07
0.151775	1.08363e-07
0.152142	1.08161e-07
0.15251	1.06742e-07
0.152877	1.04122e-07
0.153245	1.00349e-07
0.153612	9.54979e-08
0.15398	8.96769e-08
0.154347	8.30197e-08
0.154715	7.56858e-08
0.155082	6.78563e-08
0.15545	5.97304e-08
0.155817	5.15199e-08
0.156185	4.34449e-08
0.156552	3.57275e-08
0.15692	2.85864e-08
0.157287	2.22305e-08
0.157655	1.68534e-08
0.158022	1.26276e-08
0.15839	9.69946e-09
0.158757	8.18414e-09
0.159125	8.1621e-09
0.159492	9.67585e-09
0.15986	1.27279e-08
0.160227	1.72798e-08
0.160595	2.32521e-08
0.160962	3.05259e-08
0.16133	3.89451e-08
0.161697	4.83197e-08
0.162065	5.8431e-08
0.162432	6.90362e-08
0.162799	7.98755e-08
0.163167	9.06785e-08
0.163534	1.01172e-07
0.163902	1.11086e-07
0.164269	1.20165e-07
0.164637	1.28169e-07
0.165004	1.34889e-07
0.165372	1.40146e-07
0.165739	1.43797e-07
0.166107	1.45747e-07
0.166474	1.45941e-07
0.166842	1.44376e-07
0.167209	1.41095e-07
0.167577	1.36191e-07
0.167944	1.298e-07
0.168312	1.22102e-07
0.168679	1.13313e-07
0.169047	1.03682e-07
0.169414	9.34825e-08
0.169782	8.30031e-08
0.170149	7.25429e-08
0.170517	6.24007e-08
0.170884	5.28671e-08
0.171252	4.42157e-08
0.171619	3.66955e-08
0.171987	3.05233e-08
0.172354	2.58775e-08
0.172722	2.28929e-08
0.173089	2.16564e-08
0.173457	2.22046e-08
0.173824	2.45224e-08
0.174192	2.8544e-08
0.174559	3.41539e-08
0.174927	4.11913e-08
0.175294	4.9454e-08
0.175662	5.87048e-08
0.176029	6.86786e-08
0.176397	7.909e-08
0.176764	8.96418e-08
0.177132	1.00034e-07
0.177499	1.09973e-07
0.177867	1.19179e-07
0.178234	1.27395e-07
0.178602	1.34396e-07
0.178969	1.39992e-07
0.179337	1.44036e-07
0.179704	1.46428e-07
0.180072	1.47117e-07
0.180439	1.46102e-07
0.180807	1.4343e-07
0.181174	1.39201e-07
0.181542	1.33555e-07
0.181909	1.26675e-07
0.182277	1.18777e-07
0.182644	1.10106e-07
0.183012	1.00924e-07
0.183379	9.1508e-08
0.183747	8.21372e-08
0.184114	7.30858e-08
0.184482	6.4615e-08
0.184849	5.6965e-08
0.185217	5.03487e-08
0.185584	4.49449e-08
0.185952	4.08941e-08
0.186319	3.82947e-08
0.186687	3.72005e-08
0.187054	3.76201e-08
0.187422	3.95175e-08
0.187789	4.28138e-08
0.188157	4.73904e-08
0.188524	5.30938e-08
0.188892	5.97405e-08
0.189259	6.71234e-08
0.189627	7.50188e-08
0.189994	8.31933e-08
0.190361	9.14115e-08
0.190729	9.94429e-08
0.191096	1.07069e-07
0.191464	1.14091e-07
0.191831	1.20332e-07
0.192199	1.25646e-07
0.192566	1.2992e-07
0.192934	1.33075e-07
0.193301	1.35069e-07
0.193669	1.359e-07
0.194036	1.35599e-07
0.194404	1.34234e-07
0.194771	1.31902e-07
0.195139	1.28729e-07
0.195506	1.24863e-07
0.195874	1.20469e-07
0.196241	1.15724e-07
0.196609	1.10812e-07
0.196976	1.05915e-07
0.197344	1.01209e-07
0.197711	9.68603e-08
0.198079	9.30183e-08
0.198446	8.98123e-08
0.198814	8.73481e-08
0.199181	8.57054e-08
0.199549	8.49364e-08
0.199916	8.50651e-08
0.200284	8.60876e-08
0.200651	8.79732e-08
0.201019	9.06664e-08
0.201386	9.40899e-08
0.201754	9.81477e-08
0.202121	1.02729e-07
0.202489	1.07712e-07
0.202856	1.12969e-07
0.203224	1.1837e-07
0.203591	1.23787e-07
0.203959	1.29099e-07
0.204326	1.34193e-07
0.204694	1.38971e-07
0.205061	1.43349e-07
0.205429	1.47261e-07
0.205796	1.5066e-07
0.206164	1.53516e-07
0.206531	1.55821e-07
0.206899	1.57584e-07
0.207266	1.5883e-07
0.207634	1.59603e-07
0.208001	1.59955e-07
0.208369	1.59953e-07
0.208736	1.59669e-07
0.209104	1.59182e-07
0.209471	1.58572e-07
0.209839	1.57919e-07
0.210206	1.57297e-07
0.210574	1.56778e-07
0.210941	1.56425e-07
0.211309	1.5629e-07
0.211676	1.56417e-07
0.212044	1.56838e-07
0.212411	1.57571e-07
0.212779	1.58625e-07
0.213146	1.59997e-07
0.213514	1.61674e-07
0.213881	1.63632e-07
0.214249	1.65842e-07
0.214616	1.68265e-07
0.214984	1.70861e-07
0.215351	1.73585e-07
0.215719	1.76389e-07
0.216086	1.79228e-07
0.216454	1.82058e-07
0.216821	1.84836e-07
0.217188	1.87525e-07
0.217556	1.90092e-07
0.217923	1.9251e-07
0.218291	1.94757e-07
0.218658	1.96817e-07
0.219026	1.9868e-07
0.219393	2.00342e-07
0.219761	2.01804e-07
0.220128	2.03071e-07
0.220496	2.04151e-07
0.220863	2.05059e-07
0.221231	2.05808e-07
0.221598	2.06415e-07
0.221966	2.06899e-07
0.222333	2.07278e-07
0.222701	2.0757e-07
0.223068	2.07793e-07
0.223436	2.07965e-07
0.223803	2.08103e-07
0.224171	2.08222e-07
0.224538	2.08338e-07
0.224906	2.08465e-07
0.225273	2.08615e-07
0.225641	2.08803e-07
0.226008	2.0904e-07
0.226376	2.0934e-07
0.226743	2.09714e-07
0.227111	2.10176e-07
0.227478	2.10737e-07
0.227846	2.11411e-07
0.228213	2.12211e-07
0.228581	2.13148e-07
0.228948	2.14235e-07
0.229316	2.15483e-07
0.229683	2.16903e-07
0.230051	2.18502e-07
0.230418	2.20287e-07
0.230786	2.22263e-07
0.231153	2.24431e-07
0.231521	2.2679e-07
0.231888	2.29335e-07
0.232256	2.32058e-07
0.232623	2.34947e-07
0.232991	2.37987e-07
0.233358	2.4116e-07
0.233726	2.44444e-07
0.234093	2.47816e-07
0.234461	2.51247e-07
0.234828	2.5471e-07
0.235196	2.58176e-07
0.235563	2.61615e-07
0.235931	2.64997e-07
0.236298	2.68294e-07
0.236666	2.71478e-07
0.237033	2.74525e-07
0.237401	2.77414e-07
0.237768	2.80125e-07
0.238136	2.82646e-07
0.238503	2.84965e-07
0.238871	2.87077e-07
0.239238	2.88982e-07
0.239606	2.90682e-07
0.239973	2.92186e-07
0.240341	2.93507e-07
0.240708	2.9466e-07
0.241076	2.95666e-07
0.241443	2.96547e-07
0.241811	2.97328e-07
0.242178	2.98038e-07
0.242546	2.98705e-07
0.242913	2.99358e-07
0.243281	3.00027e-07
0.243648	3.00742e-07
0.244015	3.01531e-07
0.244383	3.02421e-07
0.24475	3.03438e-07
0.245118	3.04604e-07
0.245485	3.05941e-07
0.245853	3.07468e-07
0.24622	3.092e-07
0.246588	3.11149e-07
0.246955	3.13326e-07
0.247323	3.15738e-07
0.24769	3.1839e-07
0.248058	3.21282e-07
0.248425	3.24414e-07
0.248793	3.27782e-07
0.24916	3.3138e-07
0.249528	3.352e-07
0.249895	3.39232e-07
0.250263	3.43463e-07
0.25063	3.47879e-07
0.250998	3.52465e-07
0.251365	3.57204e-07
0.251733	3.62077e-07
0.2521	3.67064e-07
0.252468	3.72145e-07
0.252835	3.77298e-07
0.253203	3.82502e-07
0.25357	3.87734e-07
0.253938	3.92973e-07
0.254305	3.98194e-07
0.254673	4.03377e-07
0.25504	4.085e-07
0.255408	4.13541e-07
0.255775	4.18482e-07
0.256143	4.23303e-07
0.25651	4.27988e-07
0.256878	4.32521e-07
0.257245	4.36889e-07
0.257613	4.41079e-07
0.25798	4.45081e-07
0.258348	4.48889e-07
0.258715	4.52497e-07
0.259083	4.55899e-07
0.25945	4.59096e-07
0.259818	4.62086e-07
0.260185	4.64873e-07
0.260553	4.67458e-07
0.26092	4.69847e-07
0.261288	4.72045e-07
0.261655	4.7406e-07
0.262023	4.759e-07
0.26239	4.77573e-07
0.262758	4.79089e-07
0.263125	4.80458e-07
0.263493	4.8169e-07
0.26386	4.82798e-07
0.264228	4.83792e-07
0.264595	4.84687e-07
0.264963	4.85495e-07
0.26533	4.86233e-07
0.265698	4.86918e-07
0.266065	4.87566e-07
0.266433	4.88199e-07
0.2668	4.88838e-07
0.267168	4.89508e-07
0.267535	4.90236e-07
0.267903	4.91051e-07
0.26827	4.91985e-07
0.268638	4.9307e-07
0.269005	4.94342e-07
0.269373	4.95839e-07
0.26974	4.976e-07
0.270108	4.99663e-07
0.270475	5.02068e-07
0.270843	5.04853e-07
0.27121	5.08055e-07
0.271577	5.1171e-07
0.271945	5.15849e-07
0.272312	5.20499e-07
0.27268	5.25683e-07
0.273047	5.31416e-07
0.273415	5.37709e-07
0.273782	5.44562e-07
0.27415	5.5197e-07
0.274517	5.59918e-07
0.274885	5.68382e-07
0.275252	5.77329e-07
0.27562	5.86717e-07
0.275987	5.96495e-07
0.276355	6.06604e-07
0.276722	6.16977e-07
0.27709	6.27539e-07
0.277457	6.38212e-07
0.277825	6.4891e-07
0.278192	6.59547e-07
0.27856	6.70032e-07
0.278927	6.80276e-07
0.279295	6.90189e-07
0.279662	6.99685e-07
0.28003	7.08681e-07
0.280397	7.17103e-07
0.280765	7.2488e-07
0.281132	7.31951e-07
0.2815	7.38265e-07
0.281867	7.4378e-07
0.282235	7.48467e-07
0.282602	7.52308e-07
0.28297	7.55294e-07
0.283337	7.57432e-07
0.283705	7.58737e-07
0.284072	7.59239e-07
0.28444	7.58975e-07
0.284807	7.57995e-07
0.285175	7.56355e-07
0.285542	7.5412e-07
0.28591	7.51363e-07
0.286277	7.4816e-07
0.286645	7.44591e-07
0.287012	7.40741e-07
0.28738	7.36694e-07
0.287747	7.32533e-07
0.288115	7.28342e-07
0.288482	7.24203e-07
0.28885	7.20191e-07
0.289217	7.1638e-07
0.289585	7.12838e-07
0.289952	7.09626e-07
0.29032	7.06802e-07
0.290687	7.04414e-07
0.291055	7.02507e-07
0.291422	7.01115e-07
0.29179	7.0027e-07
0.292157	6.99996e-07
0.292525	7.00309e-07
0.292892	7.01222e-07
0.29326	7.02742e-07
0.293627	7.04869e-07
0.293995	7.07601e-07
0.294362	7.10929e-07
0.29473	7.14841e-07
0.295097	7.19322e-07
0.295465	7.24353e-07
0.295832	7.2991e-07
0.2962	7.35968e-07
0.296567	7.42497e-07
0.296935	7.49465e-07
0.297302	7.56836e-07
0.29767	7.64573e-07
0.298037	7.72633e-07
0.298404	7.80972e-07
0.298772	7.89545e-07
0.299139	7.98301e-07
0.299507	8.07188e-07
0.299874	8.16155e-07
0.300242	8.25147e-07
0.300609	8.34108e-07
0.300977	8.42983e-07
0.301344	8.51718e-07
0.301712	8.60261e-07
0.302079	8.6856e-07
0.302447	8.7657e-07
0.302814	8.84249e-07
0.303182	8.91561e-07
0.303549	8.98475e-07
0.303917	9.04969e-07
0.304284	9.11031e-07
0.304652	9.16654e-07
0.305019	9.21845e-07
0.305387	9.26618e-07
0.305754	9.30997e-07
0.306122	9.35019e-07
0.306489	9.38728e-07
0.306857	9.42177e-07
0.307224	9.45429e-07
0.307592	9.48552e-07
0.307959	9.51621e-07
0.308327	9.54715e-07
0.308694	9.57915e-07
0.309062	9.61301e-07
0.309429	9.64954e-07
0.309797	9.68949e-07
0.310164	9.73356e-07
0.310532	9.78239e-07
0.310899	9.83649e-07
0.311267	9.89627e-07
0.311634	9.96203e-07
0.312002	1.00339e-06
0.312369	1.01119e-06
0.312737	1.01958e-06
0.313104	1.02853e-06
0.313472	1.038e-06
0.313839	1.04792e-06
0.314207	1.05822e-06
0.314574	1.06881e-06
0.314942	1.0796e-06
0.315309	1.09046e-06
0.315677	1.1013e-06
0.316044	1.11201e-06
0.316412	1.12245e-06
0.316779	1.13253e-06
0.317147	1.14213e-06
0.317514	1.15115e-06
0.317882	1.15952e-06
0.318249	1.16715e-06
0.318617	1.17399e-06
0.318984	1.17999e-06
0.319352	1.18514e-06
0.319719	1.18943e-06
0.320087	1.19288e-06
0.320454	1.19554e-06
0.320822	1.19745e-06
0.321189	1.19871e-06
0.321557	1.1994e-06
0.321924	1.19964e-06
0.322292	1.19956e-06
0.322659	1.1993e-06
0.323027	1.19899e-06
0.323394	1.1988e-06
0.323762	1.19887e-06
0.324129	1.19936e-06
0.324497	1.20042e-06
0.324864	1.20219e-06
0.325232	1.20481e-06
0.325599	1.20838e-06
0.325966	1.21303e-06
0.326334	1.21883e-06
0.326701	1.22586e-06
0.327069	1.23418e-06
0.327436	1.2438e-06
0.327804	1.25475e-06
0.328171	1.26701e-06
0.328539	1.28057e-06
0.328906	1.29537e-06
0.329274	1.31135e-06
0.329641	1.32844e-06
0.330009	1.34654e-06
0.330376	1.36554e-06
0.330744	1.38535e-06
0.331111	1.40582e-06
0.331479	1.42684e-06
0.331846	1.44828e-06
0.332214	1.47e-06
0.332581	1.49186e-06
0.332949	1.51374e-06
0.333316	1.53551e-06
0.333684	1.55703e-06
0.334051	1.57818e-06
0.334419	1.59886e-06
0.334786	1.61895e-06
0.335154	1.63834e-06
0.335521	1.65694e-06
0.335889	1.67465e-06
0.336256	1.6914e-06
0.336624	1.7071e-06
0.336991	1.72168e-06
0.337359	1.73509e-06
0.337726	1.74725e-06
0.338094	1.75813e-06
0.338461	1.76768e-06
0.338829	1.77586e-06
0.339196	1.78265e-06
0.339564	1.78802e-06
0.339931	1.79196e-06
0.340299	1.79448e-06
0.340666	1.79557e-06
0.341034	1.79525e-06
0.341401	1.79354e-06
0.341769	1.79049e-06
0.342136	1.78614e-06
0.342504	1.78055e-06
0.342871	1.77378e-06
0.343239	1.76591e-06
0.343606	1.75704e-06
0.343974	1.74726e-06
0.344341	1.73668e-06
0.344709	1.72541e-06
0.345076	1.71357e-06
0.345444	1.7013e-06
0.345811	1.68872e-06
0.346179	1.67597e-06
0.346546	1.66318e-06
0.346914	1.65049e-06
0.347281	1.63804e-06
0.347649	1.62595e-06
0.348016	1.61437e-06
0.348384	1.60342e-06
0.348751	1.59321e-06
0.349119	1.58387e-06
0.349486	1.57551e-06
0.349854	1.56824e-06
0.350221	1.56215e-06
0.350589	1.55735e-06
0.350956	1.55391e-06
0.351324	1.55194e-06
0.351691	1.55151e-06
0.352059	1.5527e-06
0.352426	1.55557e-06
0.352793	1.56021e-06
0.353161	1.56667e-06
0.353528	1.57502e-06
0.353896	1.58531e-06
0.354263	1.59759e-06
0.354631	1.61189e-06
0.354998	1.62825e-06
0.355366	1.64669e-06
0.355733	1.66722e-06
0.356101	1.68982e-06
0.356468	1.71447e-06
0.356836	1.74113e-06
0.357203	1.76973e-06
0.357571	1.80018e-06
0.357938	1.83236e-06
0.358306	1.86613e-06
0.358673	1.90133e-06
0.359041	1.93775e-06
0.359408	1.97518e-06
0.359776	2.01338e-06
0.360143	2.05207e-06
0.360511	2.09097e-06
0.360878	2.12978e-06
0.361246	2.16819e-06
0.361613	2.20587e-06
0.361981	2.24251e-06
0.362348	2.27779e-06
0.362716	2.31143e-06
0.363083	2.34313e-06
0.363451	2.37266e-06
0.363818	2.39979e-06
0.364186	2.42434e-06
0.364553	2.44618e-06
0.364921	2.46523e-06
0.365288	2.48147e-06
0.365656	2.49491e-06
0.366023	2.50565e-06
0.366391	2.51384e-06
0.366758	2.51969e-06
0.367126	2.52346e-06
0.367493	2.52547e-06
0.367861	2.52608e-06
0.368228	2.5257e-06
0.368596	2.52478e-06
0.368963	2.52379e-06
0.369331	2.5232e-06
0.369698	2.52352e-06
0.370066	2.52523e-06
0.370433	2.52882e-06
0.370801	2.53475e-06
0.371168	2.54345e-06
0.371536	2.5553e-06
0.371903	2.57065e-06
0.372271	2.5898e-06
0.372638	2.61296e-06
0.373006	2.6403e-06
0.373373	2.67194e-06
0.373741	2.7079e-06
0.374108	2.74816e-06
0.374476	2.79262e-06
0.374843	2.84113e-06
0.375211	2.89348e-06
0.375578	2.94942e-06
0.375946	3.00865e-06
0.376313	3.07083e-06
0.376681	3.13561e-06
0.377048	3.2026e-06
0.377416	3.27142e-06
0.377783	3.34168e-06
0.378151	3.413e-06
0.378518	3.485e-06
0.378886	3.55734e-06
0.379253	3.6297e-06
0.37962	3.70177e-06
0.379988	3.7733e-06
0.380355	3.84406e-06
0.380723	3.91385e-06
0.38109	3.98251e-06
0.381458	4.04991e-06
0.381825	4.11597e-06
0.382193	4.1806e-06
0.38256	4.24376e-06
0.382928	4.30543e-06
0.383295	4.36559e-06
0.383663	4.42422e-06
0.38403	4.48133e-06
0.384398	4.53691e-06
0.384765	4.59096e-06
0.385133	4.64344e-06
0.3855	4.69433e-06
0.385868	4.74357e-06
0.386235	4.79111e-06
0.386603	4.83685e-06
0.38697	4.8807e-06
0.387338	4.92253e-06
0.387705	4.96221e-06
0.388073	4.99957e-06
0.38844	5.03446e-06
0.388808	5.0667e-06
0.389175	5.09611e-06
0.389543	5.12248e-06
0.38991	5.14565e-06
0.390278	5.16541e-06
0.390645	5.18158e-06
0.391013	5.194e-06
0.39138	5.20249e-06
0.391748	5.20692e-06
0.392115	5.20714e-06
0.392483	5.20304e-06
0.39285	5.19454e-06
0.393218	5.18154e-06
0.393585	5.16401e-06
0.393953	5.14192e-06
0.39432	5.11528e-06
0.394688	5.0841e-06
0.395055	5.04845e-06
0.395423	5.00842e-06
0.39579	4.96413e-06
0.396158	4.91573e-06
0.396525	4.86342e-06
0.396893	4.80743e-06
0.39726	4.74802e-06
0.397628	4.6855e-06
0.397995	4.62024e-06
0.398363	4.55264e-06
0.39873	4.48313e-06
0.399098	4.41222e-06
0.399465	4.34044e-06
0.399833	4.26838e-06
0.4002	4.19667e-06
0.400568	4.12597e-06
0.400935	4.05699e-06
0.401303	3.99046e-06
0.40167	3.92714e-06
0.402038	3.8678e-06
0.402405	3.81322e-06
0.402773	3.76418e-06
0.40314	3.72143e-06
0.403508	3.68572e-06
0.403875	3.65773e-06
0.404243	3.6381e-06
0.40461	3.62743e-06
0.404978	3.6262e-06
0.405345	3.63482e-06
0.405713	3.6536e-06
0.40608	3.68274e-06
0.406448	3.7223e-06
0.406815	3.77224e-06
0.407182	3.83235e-06
0.40755	3.90231e-06
0.407917	3.98165e-06
0.408285	4.06976e-06
0.408652	4.16589e-06
0.40902	4.26917e-06
0.409387	4.37861e-06
0.409755	4.49311e-06
0.410122	4.61148e-06
0.41049	4.73242e-06
0.410857	4.85462e-06
0.411225	4.97668e-06
0.411592	5.09722e-06
0.41196	5.21483e-06
0.412327	5.32814e-06
0.412695	5.43583e-06
0.413062	5.53662e-06
0.41343	5.62938e-06
0.413797	5.71303e-06
0.414165	5.78667e-06
0.414532	5.84954e-06
0.4149	5.90103e-06
0.415267	5.94075e-06
0.415635	5.96846e-06
0.416002	5.98416e-06
0.41637	5.98803e-06
0.416737	5.98047e-06
0.417105	5.96209e-06
0.417472	5.93369e-06
0.41784	5.89626e-06
0.418207	5.85097e-06
0.418575	5.79916e-06
0.418942	5.74228e-06
0.41931	5.68193e-06
0.419677	5.6198e-06
0.420045	5.55761e-06
0.420412	5.49715e-06
0.42078	5.4402e-06
0.421147	5.38851e-06
0.421515	5.34376e-06
0.421882	5.30755e-06
0.42225	5.28135e-06
0.422617	5.26647e-06
0.422985	5.26405e-06
0.423352	5.275e-06
0.42372	5.30001e-06
0.424087	5.33953e-06
0.424455	5.39375e-06
0.424822	5.46259e-06
0.42519	5.54567e-06
0.425557	5.64239e-06
0.425925	5.75184e-06
0.426292	5.87289e-06
0.42666	6.00416e-06
0.427027	6.14408e-06
0.427395	6.29088e-06
0.427762	6.44266e-06
0.42813	6.5974e-06
0.428497	6.75302e-06
0.428865	6.90739e-06
0.429232	7.05844e-06
0.4296	7.20411e-06
0.429967	7.34249e-06
0.430335	7.47177e-06
0.430702	7.59037e-06
0.43107	7.6969e-06
0.431437	7.79025e-06
0.431805	7.86958e-06
0.432172	7.93434e-06
0.43254	7.98432e-06
0.432907	8.01962e-06
0.433275	8.04064e-06
0.433642	8.04814e-06
0.434009	8.04315e-06
0.434377	8.02696e-06
0.434744	8.00114e-06
0.435112	7.96744e-06
0.435479	7.92779e-06
0.435847	7.88425e-06
0.436214	7.83892e-06
0.436582	7.79396e-06
0.436949	7.75148e-06
0.437317	7.7135e-06
0.437684	7.68191e-06
0.438052	7.65842e-06
0.438419	7.64453e-06
0.438787	7.64147e-06
0.439154	7.65017e-06
0.439522	7.67127e-06
0.439889	7.70506e-06
0.440257	7.7515e-06
0.440624	7.81024e-06
0.440992	7.88059e-06
0.441359	7.96156e-06
0.441727	8.05189e-06
0.442094	8.15009e-06
0.442462	8.25447e-06
0.442829	8.3632e-06
0.443197	8.47435e-06
0.443564	8.58593e-06
0.443932	8.69599e-06
0.444299	8.80263e-06
0.444667	8.90408e-06
0.445034	8.99874e-06
0.445402	9.08522e-06
0.445769	9.16238e-06
0.446137	9.2294e-06
0.446504	9.28573e-06
0.446872	9.33119e-06
0.447239	9.36589e-06
0.447607	9.39033e-06
0.447974	9.40528e-06
0.448342	9.41186e-06
0.448709	9.41144e-06
0.449077	9.40563e-06
0.449444	9.39627e-06
0.449812	9.38532e-06
0.450179	9.37486e-06
0.450547	9.36703e-06
0.450914	9.36395e-06
0.451282	9.3677e-06
0.451649	9.38024e-06
0.452017	9.40337e-06
0.452384	9.43872e-06
0.452752	9.48766e-06
0.453119	9.55129e-06
0.453487	9.63043e-06
0.453854	9.72558e-06
0.454222	9.83694e-06
0.454589	9.96437e-06
0.454957	1.01074e-05
0.455324	1.02654e-05
0.455692	1.04373e-05
0.456059	1.06218e-05
0.456427	1.08175e-05
0.456794	1.10227e-05
0.457162	1.12357e-05
0.457529	1.14546e-05
0.457897	1.16775e-05
0.458264	1.19024e-05
0.458632	1.21275e-05
0.458999	1.23509e-05
0.459367	1.25709e-05
0.459734	1.27859e-05
0.460102	1.29944e-05
0.460469	1.31952e-05
0.460837	1.33872e-05
0.461204	1.35696e-05
0.461571	1.37416e-05
0.461939	1.39029e-05
0.462306	1.40531e-05
0.462674	1.41922e-05
0.463041	1.43204e-05
0.463409	1.44378e-05
0.463776	1.4545e-05
0.464144	1.46424e-05
0.464511	1.47309e-05
0.464879	1.48111e-05
0.465246	1.4884e-05
0.465614	1.49504e-05
0.465981	1.50115e-05
0.466349	1.50682e-05
0.466716	1.51216e-05
0.467084	1.51728e-05
0.467451	1.52229e-05
0.467819	1.52731e-05
0.468186	1.53244e-05
0.468554	1.5378e-05
0.468921	1.5435e-05
0.469289	1.54965e-05
0.469656	1.55635e-05
0.470024	1.56371e-05
0.470391	1.57182e-05
0.470759	1.58079e-05
0.471126	1.59071e-05
0.471494	1.60164e-05
0.471861	1.61368e-05
0.472229	1.62687e-05
0.472596	1.64126e-05
0.472964	1.6569e-05
0.473331	1.67379e-05
0.473699	1.69195e-05
0.474066	1.71135e-05
0.474434	1.73196e-05
0.474801	1.75372e-05
0.475169	1.77655e-05
0.475536	1.80037e-05
0.475904	1.82504e-05
0.476271	1.85044e-05
0.476639	1.87641e-05
0.477006	1.90279e-05
0.477374	1.92941e-05
0.477741	1.95608e-05
0.478109	1.98261e-05
0.478476	2.00882e-05
0.478844	2.03453e-05
0.479211	2.05957e-05
0.479579	2.0838e-05
0.479946	2.10708e-05
0.480314	2.12932e-05
0.480681	2.15043e-05
0.481049	2.1704e-05
0.481416	2.18922e-05
0.481784	2.20694e-05
0.482151	2.22365e-05
0.482519	2.2395e-05
0.482886	2.25467e-05
0.483254	2.2694e-05
0.483621	2.28396e-05
0.483989	2.29868e-05
0.484356	2.31392e-05
0.484724	2.33007e-05
0.485091	2.34755e-05
0.485459	2.36682e-05
0.485826	2.38834e-05
0.486194	2.41257e-05
0.486561	2.43998e-05
0.486929	2.47103e-05
0.487296	2.50614e-05
0.487664	2.54574e-05
0.488031	2.59018e-05
0.488398	2.63979e-05
0.488766	2.69483e-05
0.489133	2.7555e-05
0.489501	2.82193e-05
0.489868	2.89417e-05
0.490236	2.97218e-05
0.490603	3.05584e-05
0.490971	3.14494e-05
0.491338	3.23917e-05
0.491706	3.33813e-05
0.492073	3.44132e-05
0.492441	3.54816e-05
0.492808	3.65797e-05
0.493176	3.77e-05
0.493543	3.88343e-05
0.493911	3.99735e-05
0.494278	4.11081e-05
0.494646	4.22281e-05
0.495013	4.33233e-05
0.495381	4.4383e-05
0.495748	4.53967e-05
0.496116	4.63538e-05
0.496483	4.72439e-05
0.496851	4.80572e-05
0.497218	4.87842e-05
0.497586	4.9416e-05
0.497953	4.99449e-05
0.498321	5.03638e-05
0.498688	5.06669e-05
0.499056	5.08494e-05
0.499423	5.0908e-05
0.499791	5.08407e-05
0.500158	5.06469e-05
0.500526	5.03276e-05
0.500893	4.98853e-05
0.501261	4.93238e-05
0.501628	4.86486e-05
0.501996	4.78666e-05
0.502363	4.69858e-05
0.502731	4.60158e-05
0.503098	4.49669e-05
0.503466	4.38506e-05
0.503833	4.26791e-05
0.504201	4.1465e-05
0.504568	4.02216e-05
0.504936	3.89621e-05
0.505303	3.76998e-05
0.505671	3.64477e-05
0.506038	3.52182e-05
0.506406	3.40232e-05
0.506773	3.28737e-05
0.507141	3.17794e-05
0.507508	3.07492e-05
0.507876	2.97904e-05
0.508243	2.89089e-05
0.508611	2.81091e-05
0.508978	2.73939e-05
0.509346	2.67648e-05
0.509713	2.62215e-05
0.510081	2.57625e-05
0.510448	2.53849e-05
0.510816	2.50845e-05
0.511183	2.48561e-05
0.511551	2.46936e-05
0.511918	2.45903e-05
0.512286	2.4539e-05
0.512653	2.45322e-05
0.513021	2.45623e-05
0.513388	2.46222e-05
0.513756	2.47049e-05
0.514123	2.48042e-05
0.514491	2.49146e-05
0.514858	2.50318e-05
0.515225	2.51523e-05
0.515593	2.5274e-05
0.51596	2.5396e-05
0.516328	2.55188e-05
0.516695	2.56441e-05
0.517063	2.57749e-05
0.51743	2.59154e-05
0.517798	2.6071e-05
0.518165	2.62478e-05
0.518533	2.64527e-05
0.5189	2.66933e-05
0.519268	2.69775e-05
0.519635	2.73133e-05
0.520003	2.77086e-05
0.52037	2.81709e-05
0.520738	2.87072e-05
0.521105	2.93235e-05
0.521473	3.00251e-05
0.52184	3.08157e-05
0.522208	3.1698e-05
0.522575	3.26729e-05
0.522943	3.374e-05
0.52331	3.48968e-05
0.523678	3.61395e-05
0.524045	3.74624e-05
0.524413	3.88582e-05
0.52478	4.03179e-05
0.525148	4.18314e-05
0.525515	4.3387e-05
0.525883	4.49718e-05
0.52625	4.65723e-05
0.526618	4.8174e-05
0.526985	4.97621e-05
0.527353	5.13215e-05
0.52772	5.28369e-05
0.528088	5.42937e-05
0.528455	5.56774e-05
0.528823	5.69744e-05
0.52919	5.81719e-05
0.529558	5.92583e-05
0.529925	6.02233e-05
0.530293	6.10579e-05
0.53066	6.17546e-05
0.531028	6.23076e-05
0.531395	6.27127e-05
0.531763	6.29674e-05
0.53213	6.30708e-05
0.532498	6.30238e-05
0.532865	6.28285e-05
0.533233	6.24888e-05
0.5336	6.201e-05
0.533968	6.13985e-05
0.534335	6.06621e-05
0.534703	5.98093e-05
0.53507	5.885e-05
0.535438	5.77943e-05
0.535805	5.66535e-05
0.536173	5.54392e-05
0.53654	5.41633e-05
0.536908	5.28384e-05
0.537275	5.14771e-05
0.537643	5.00924e-05
0.53801	4.86972e-05
0.538378	4.73048e-05
0.538745	4.59285e-05
0.539113	4.45815e-05
0.53948	4.32772e-05
0.539848	4.20291e-05
0.540215	4.08505e-05
0.540583	3.97548e-05
0.54095	3.87554e-05
0.541318	3.78655e-05
0.541685	3.70982e-05
0.542053	3.64663e-05
0.54242	3.59824e-05
0.542787	3.56584e-05
0.543155	3.55058e-05
0.543522	3.55351e-05
0.54389	3.57559e-05
0.544257	3.61765e-05
0.544625	3.68039e-05
0.544992	3.76432e-05
0.54536	3.86978e-05
0.545727	3.99688e-05
0.546095	4.14549e-05
0.546462	4.31521e-05
0.54683	4.50538e-05
0.547197	4.71504e-05
0.547565	4.9429e-05
0.547932	5.1874e-05
0.5483	5.44662e-05
0.548667	5.71839e-05
0.549035	6.00021e-05
0.549402	6.28931e-05
0.54977	6.58271e-05
0.550137	6.87719e-05
0.550505	7.16937e-05
0.550872	7.45576e-05
0.55124	7.7328e-05
0.551607	7.99692e-05
0.551975	8.24462e-05
0.552342	8.4725e-05
0.55271	8.67734e-05
0.553077	8.85621e-05
0.553445	9.00645e-05
0.553812	9.12578e-05
0.55418	9.21238e-05
0.554547	9.26486e-05
0.554915	9.28237e-05
0.555282	9.26462e-05
0.55565	9.21185e-05
0.556017	9.12491e-05
0.556385	9.00523e-05
0.556752	8.85478e-05
0.55712	8.67608e-05
0.557487	8.47216e-05
0.557855	8.24651e-05
0.558222	8.003e-05
0.55859	7.74585e-05
0.558957	7.47953e-05
0.559325	7.2087e-05
0.559692	6.93811e-05
0.56006	6.67252e-05
0.560427	6.41662e-05
0.560795	6.17493e-05
0.561162	5.95174e-05
0.56153	5.75101e-05
0.561897	5.57632e-05
0.562265	5.43079e-05
0.562632	5.31705e-05
0.563	5.23721e-05
0.563367	5.19276e-05
0.563735	5.18465e-05
0.564102	5.21321e-05
0.56447	5.27821e-05
0.564837	5.37882e-05
0.565205	5.51369e-05
0.565572	5.68097e-05
0.56594	5.87835e-05
0.566307	6.10311e-05
0.566675	6.35218e-05
0.567042	6.62224e-05
0.56741	6.90971e-05
0.567777	7.21088e-05
0.568145	7.52195e-05
0.568512	7.83909e-05
0.56888	8.1585e-05
0.569247	8.47646e-05
0.569614	8.78941e-05
0.569982	9.09393e-05
0.570349	9.38684e-05
0.570717	9.6652e-05
0.571084	9.92634e-05
0.571452	0.000101679
0.571819	0.000103877
0.572187	0.000105839
0.572554	0.000107552
0.572922	0.000109003
0.573289	0.000110183
0.573657	0.000111085
0.574024	0.000111706
0.574392	0.000112046
0.574759	0.000112106
0.575127	0.00011189
0.575494	0.000111405
0.575862	0.000110659
0.576229	0.000109663
0.576597	0.00010843
0.576964	0.000106975
0.577332	0.000105314
0.577699	0.000103467
0.578067	0.000101454
0.578434	9.92973e-05
0.578802	9.70216e-05
0.579169	9.46526e-05
0.579537	9.22179e-05
0.579904	8.97462e-05
0.580272	8.7268e-05
0.580639	8.48146e-05
0.581007	8.24185e-05
0.581374	8.0113e-05
0.581742	7.79317e-05
0.582109	7.59087e-05
0.582477	7.40781e-05
0.582844	7.24735e-05
0.583212	7.11281e-05
0.583579	7.00743e-05
0.583947	6.9343e-05
0.584314	6.89638e-05
0.584682	6.89645e-05
0.585049	6.93707e-05
0.585417	7.02057e-05
0.585784	7.149e-05
0.586152	7.32415e-05
0.586519	7.54746e-05
0.586887	7.82006e-05
0.587254	8.1427e-05
0.587622	8.51579e-05
0.587989	8.9393e-05
0.588357	9.41281e-05
0.588724	9.93547e-05
0.589092	0.00010506
0.589459	0.000111226
0.589827	0.000117831
0.590194	0.000124847
0.590562	0.000132244
0.590929	0.000139983
0.591297	0.000148023
0.591664	0.000156317
0.592032	0.000164814
0.592399	0.000173457
0.592767	0.000182186
0.593134	0.000190937
0.593502	0.000199641
0.593869	0.000208227
0.594237	0.000216621
0.594604	0.000224747
0.594972	0.00023253
0.595339	0.000239892
0.595707	0.000246759
0.596074	0.000253058
0.596441	0.00025872
0.596809	0.00026368
0.597176	0.000267878
0.597544	0.000271265
0.597911	0.000273796
0.598279	0.000275438
0.598646	0.000276168
0.599014	0.000275976
0.599381	0.000274861
0.599749	0.000272839
0.600116	0.000269935
0.600484	0.000266191
0.600851	0.000261659
0.601219	0.000256406
0.601586	0.00025051
0.601954	0.00024406
0.602321	0.000237154
0.602689	0.000229899
0.603056	0.000222409
0.603424	0.000214802
0.603791	0.000207199
0.604159	0.00019972
0.604526	0.000192485
0.604894	0.000185609
0.605261	0.000179202
0.605629	0.000173365
0.605996	0.000168189
0.606364	0.000163753
0.606731	0.000160123
0.607099	0.000157351
0.607466	0.000155475
0.607834	0.000154514
0.608201	0.000154473
0.608569	0.000155343
0.608936	0.000157096
0.609304	0.000159694
0.609671	0.000163082
0.610039	0.000167195
0.610406	0.000171959
0.610774	0.000177289
0.611141	0.000183097
0.611509	0.000189288
0.611876	0.000195765
0.612244	0.000202434
0.612611	0.0002092
0.612979	0.000215971
0.613346	0.000222663
0.613714	0.000229196
0.614081	0.000235499
0.614449	0.000241509
0.614816	0.000247173
0.615184	0.000252446
0.615551	0.000257293
0.615919	0.000261689
0.616286	0.000265615
0.616654	0.000269063
0.617021	0.00027203
0.617389	0.000274519
0.617756	0.000276539
0.618124	0.000278103
0.618491	0.000279224
0.618859	0.00027992
0.619226	0.000280209
0.619594	0.000280108
0.619961	0.000279635
0.620329	0.000278807
0.620696	0.000277638
0.621064	0.000276143
0.621431	0.000274336
0.621799	0.000272231
0.622166	0.000269841
0.622534	0.000267179
0.622901	0.000264262
0.623269	0.000261107
0.623636	0.000257736
0.624003	0.000254174
0.624371	0.000250448
0.624738	0.000246594
0.625106	0.000242649
0.625473	0.000238658
0.625841	0.000234671
0.626208	0.00023074
0.626576	0.000226923
0.626943	0.000223281
0.627311	0.000219876
0.627678	0.000216771
0.628046	0.000214029
0.628413	0.000211708
0.628781	0.000209863
0.629148	0.000208544
0.629516	0.000207792
0.629883	0.000207638
0.630251	0.000208104
0.630618	0.000209198
0.630986	0.000210916
0.631353	0.00021324
0.631721	0.000216139
0.632088	0.000219566
0.632456	0.000223463
0.632823	0.000227757
0.633191	0.000232365
0.633558	0.000237193
0.633926	0.000242141
0.634293	0.000247101
0.634661	0.000251963
0.635028	0.000256617
0.635396	0.000260952
0.635763	0.000264865
0.636131	0.000268257
0.636498	0.000271043
0.636866	0.000273145
0.637233	0.000274504
0.637601	0.000275073
0.637968	0.000274825
0.638336	0.000273749
0.638703	0.000271855
0.639071	0.000269169
0.639438	0.000265736
0.639806	0.000261619
0.640173	0.000256895
0.640541	0.000251657
0.640908	0.000246008
0.641276	0.000240062
0.641643	0.000233937
0.642011	0.000227757
0.642378	0.000221645
0.642746	0.000215725
0.643113	0.000210112
0.643481	0.000204916
0.643848	0.000200236
0.644216	0.000196158
0.644583	0.000192754
0.644951	0.000190082
0.645318	0.000188182
0.645686	0.000187075
0.646053	0.000186768
0.646421	0.00018725
0.646788	0.000188493
0.647156	0.000190454
0.647523	0.00019308
0.647891	0.000196303
0.648258	0.000200049
0.648626	0.000204239
0.648993	0.000208786
0.649361	0.000213607
0.649728	0.00021862
0.650096	0.000223747
0.650463	0.000228918
0.65083	0.000234076
0.651198	0.000239171
0.651565	0.000244173
0.651933	0.000249064
0.6523	0.000253843
0.652668	0.000258529
0.653035	0.000263157
0.653403	0.000267778
0.65377	0.000272464
0.654138	0.000277299
0.654505	0.000282382
0.654873	0.000287825
0.65524	0.000293749
0.655608	0.000300282
0.655975	0.000307557
0.656343	0.000315707
0.65671	0.000324864
0.657078	0.000335153
0.657445	0.000346692
0.657813	0.000359585
0.65818	0.000373921
0.658548	0.000389772
0.658915	0.000407186
0.659283	0.000426191
0.65965	0.000446786
0.660018	0.000468943
0.660385	0.000492607
0.660753	0.000517692
0.66112	0.000544082
0.661488	0.000571632
0.661855	0.000600167
0.662223	0.000629485
0.66259	0.000659358
0.662958	0.000689536
0.663325	0.000719745
0.663693	0.000749697
0.66406	0.000779088
0.664428	0.000807605
0.664795	0.000834931
0.665163	0.000860746
0.66553	0.000884737
0.665898	0.000906597
0.666265	0.000926034
0.666633	0.000942776
0.667	0.000956573
0.667368	0.000967202
0.667735	0.000974474
0.668103	0.000978234
0.66847	0.000978367
0.668838	0.000974798
0.669205	0.000967497
0.669573	0.000956478
0.66994	0.000941802
0.670308	0.000923574
0.670675	0.000901945
0.671043	0.000877109
0.67141	0.000849302
0.671778	0.000818797
0.672145	0.000785903
0.672513	0.000750959
0.67288	0.000714328
0.673248	0.000676396
0.673615	0.000637561
0.673983	0.000598231
0.67435	0.000558817
0.674718	0.000519725
0.675085	0.000481353
0.675453	0.000444082
0.67582	0.000408271
0.676188	0.000374252
0.676555	0.000342327
0.676923	0.000312761
0.67729	0.000285776
0.677658	0.000261556
0.678025	0.000240237
0.678392	0.000221908
0.67876	0.000206613
0.679127	0.000194348
0.679495	0.000185062
0.679862	0.000178663
0.68023	0.000175014
0.680597	0.000173943
0.680965	0.000175242
0.681332	0.000178675
0.6817	0.000183981
0.682067	0.000190879
0.682435	0.000199073
0.682802	0.000208262
0.68317	0.000218138
0.683537	0.0002284
0.683905	0.000238753
0.684272	0.000248915
0.68464	0.000258624
0.685007	0.000267637
0.685375	0.000275739
0.685742	0.000282744
0.68611	0.000288494
0.686477	0.000292867
0.686845	0.000295774
0.687212	0.000297159
0.68758	0.000297002
0.687947	0.000295314
0.688315	0.000292138
0.688682	0.000287546
0.68905	0.000281638
0.689417	0.000274537
0.689785	0.000266386
0.690152	0.000257346
0.69052	0.000247589
0.690887	0.000237298
0.691255	0.000226662
0.691622	0.00021587
0.69199	0.00020511
0.692357	0.000194562
0.692725	0.000184401
0.693092	0.000174788
0.69346	0.000165869
0.693827	0.000157775
0.694195	0.000150617
0.694562	0.000144489
0.69493	0.000139461
0.695297	0.000135585
0.695665	0.00013289
0.696032	0.000131384
0.6964	0.000131056
0.696767	0.000131874
0.697135	0.00013379
0.697502	0.000136737
0.69787	0.000140635
0.698237	0.000145393
0.698605	0.000150906
0.698972	0.000157062
0.69934	0.000163744
0.699707	0.000170829
0.700075	0.000178194
0.700442	0.000185715
0.70081	0.000193271
0.701177	0.000200746
0.701545	0.000208028
0.701912	0.000215015
0.70228	0.000221612
0.702647	0.000227735
0.703015	0.000233312
0.703382	0.000238281
0.70375	0.000242594
0.704117	0.000246216
0.704485	0.000249123
0.704852	0.000251306
0.705219	0.000252768
0.705587	0.000253523
0.705954	0.000253598
0.706322	0.00025303
0.706689	0.000251868
0.707057	0.000250167
0.707424	0.000247991
0.707792	0.000245412
0.708159	0.000242506
0.708527	0.000239353
0.708894	0.000236037
0.709262	0.000232642
0.709629	0.000229253
0.709997	0.000225953
0.710364	0.000222825
0.710732	0.000219943
0.711099	0.000217382
0.711467	0.000215206
0.711834	0.000213476
0.712202	0.000212242
0.712569	0.000211546
0.712937	0.000211423
0.713304	0.000211895
0.713672	0.000212975
0.714039	0.000214666
0.714407	0.000216962
0.714774	0.000219843
0.715142	0.000223283
0.715509	0.000227243
0.715877	0.000231678
0.716244	0.000236532
0.716612	0.000241745
0.716979	0.000247246
0.717347	0.000252962
0.717714	0.000258815
0.718082	0.000264723
0.718449	0.000270603
0.718817	0.00027637
0.719184	0.000281942
0.719552	0.000287238
0.719919	0.000292178
0.720287	0.000296691
0.720654	0.000300709
0.721022	0.000304169
0.721389	0.000307019
0.721757	0.000309212
0.722124	0.000310714
0.722492	0.000311497
0.722859	0.000311543
0.723227	0.000310847
0.723594	0.000309411
0.723962	0.000307248
0.724329	0.00030438
0.724697	0.00030084
0.725064	0.000296667
0.725432	0.000291909
0.725799	0.000286621
0.726167	0.000280862
0.726534	0.000274699
0.726902	0.000268199
0.727269	0.000261435
0.727637	0.000254478
0.728004	0.000247402
0.728372	0.000240277
0.728739	0.000233173
0.729107	0.000226157
0.729474	0.000219289
0.729842	0.000212628
0.730209	0.000206224
0.730577	0.000200121
0.730944	0.000194359
0.731312	0.000188967
0.731679	0.000183969
0.732046	0.00017938
0.732414	0.00017521
0.732781	0.00017146
0.733149	0.000168125
0.733516	0.000165194
0.733884	0.000162649
0.734251	0.000160469
0.734619	0.000158627
0.734986	0.000157094
