# Frequency (eV) 	 Current Real 	 Imaginary
0	-0.0279554	0
0.000367493	-0.0278619	-0.00253557
0.000734986	-0.0275801	-0.00506708
0.00110248	-0.0271063	-0.00758966
0.00146997	-0.0264344	-0.0100968
0.00183747	-0.0255568	-0.0125799
0.00220496	-0.0244645	-0.0150271
0.00257245	-0.0231483	-0.0174234
0.00293995	-0.0215993	-0.0197501
0.00330744	-0.0198099	-0.0219847
0.00367493	-0.0177747	-0.024101
0.00404243	-0.0154918	-0.0260692
0.00440992	-0.012963	-0.0278567
0.00477741	-0.0101953	-0.0294283
0.00514491	-0.0072013	-0.0307476
0.0055124	-0.00399966	-0.0317773
0.00587989	-0.000615678	-0.0324809
0.00624738	0.00291862	-0.0328237
0.00661488	0.00656454	-0.0327738
0.00698237	0.010277	-0.0323037
0.00734986	0.0140049	-0.0313914
0.00771736	0.0176921	-0.0300215
0.00808485	0.0212783	-0.0281865
0.00845234	0.0247	-0.0258872
0.00881984	0.0278921	-0.0231343
0.00918733	0.0307891	-0.0199477
0.00955482	0.0333272	-0.0163578
0.00992232	0.0354452	-0.0124051
0.0102898	0.0370867	-0.00813965
0.0106573	0.0382016	-0.00362094
0.0110248	0.0387475	0.00108323
0.0113923	0.0386913	0.00589777
0.0117598	0.0380105	0.0107416
0.0121273	0.036694	0.0155294
0.0124948	0.0347432	0.020173
0.0128623	0.0321721	0.0245836
0.0132298	0.0290082	0.0286736
0.0135972	0.0252917	0.0323587
0.0139647	0.0210754	0.0355596
0.0143322	0.0164243	0.0382046
0.0146997	0.011414	0.0402308
0.0150672	0.00612949	0.041586
0.0154347	0.000663907	0.0422302
0.0158022	-0.00488366	0.0421371
0.0161697	-0.0104101	0.0412945
0.0165372	-0.0158102	0.0397052
0.0169047	-0.0209795	0.0373875
0.0172722	-0.0258158	0.0343746
0.0176397	-0.0302222	0.0307149
0.0180072	-0.0341088	0.0264703
0.0183747	-0.0373949	0.0217161
0.0187422	-0.0400109	0.0165388
0.0191096	-0.0419003	0.0110348
0.0194771	-0.0430207	0.0053083
0.0198446	-0.0433447	-0.000530893
0.0202121	-0.0428615	-0.00636956
0.0205796	-0.0415765	-0.0120936
0.0209471	-0.0395116	-0.0175903
0.0213146	-0.036705	-0.0227512
0.0216821	-0.0332102	-0.0274739
0.0220496	-0.0290953	-0.0316646
0.0224171	-0.0244413	-0.0352403
0.0227846	-0.0193405	-0.0381304
0.0231521	-0.0138946	-0.0402783
0.0235196	-0.00821245	-0.0416426
0.0238871	-0.00240791	-0.0421983
0.0242546	0.00340283	-0.0419369
0.024622	0.00910362	-0.040867
0.0249895	0.0145809	-0.0390138
0.025357	0.0197259	-0.0364186
0.0257245	0.0244374	-0.0331381
0.026092	0.0286236	-0.0292427
0.0264595	0.0322038	-0.0248153
0.026827	0.0351106	-0.0199495
0.0271945	0.0372909	-0.0147471
0.027562	0.0387071	-0.00931629
0.0279295	0.0393377	-0.0037693
0.028297	0.0391779	0.00178031
0.0286645	0.038239	0.00721987
0.029032	0.0365488	0.0124401
0.0293995	0.0341501	0.0173373
0.029767	0.0311003	0.0218157
0.0301344	0.0274695	0.0257891
0.0305019	0.0233392	0.029183
0.0308694	0.0188003	0.0319358
0.0312369	0.013951	0.034
0.0316044	0.00889484	0.035343
0.0319719	0.00373822	0.0359477
0.0323394	-0.00141182	0.0358127
0.0327069	-0.0064499	0.034952
0.0330744	-0.0112745	0.0333945
0.0334419	-0.0157901	0.0311833
0.0338094	-0.019909	0.0283742
0.0341769	-0.0235533	0.0250349
0.0345444	-0.0266562	0.0212429
0.0349119	-0.0291632	0.017084
0.0352793	-0.0310333	0.0126501
0.0356468	-0.0322393	0.0080373
0.0360143	-0.0327686	0.00334376
0.0363818	-0.0326227	-0.00133241
0.0367493	-0.0318173	-0.00589523
0.0371168	-0.0303815	-0.0102529
0.0374843	-0.0283571	-0.0143194
0.0378518	-0.0257973	-0.0180168
0.0382193	-0.0227656	-0.021276
0.0385868	-0.0193339	-0.0240386
0.0389543	-0.0155812	-0.0262576
0.0393218	-0.0115917	-0.0278984
0.0396893	-0.00745263	-0.028939
0.0400568	-0.00325267	-0.0293706
0.0404243	0.000920039	-0.029197
0.0407917	0.00497978	-0.0284348
0.0411592	0.00884499	-0.0271126
0.0415267	0.0124399	-0.0252697
0.0418942	0.015696	-0.0229558
0.0422617	0.0185533	-0.0202292
0.0426292	0.0209616	-0.0171555
0.0429967	0.0228809	-0.0138063
0.0433642	0.0242825	-0.0102571
0.0437317	0.025149	-0.00658607
0.0440992	0.0254748	-0.00287215
0.0444667	0.0252654	0.000806664
0.0448342	0.0245375	0.00437485
0.0452017	0.0233183	0.00776093
0.0455692	0.0216445	0.0108989
0.0459367	0.0195615	0.0137294
0.0463041	0.0171222	0.0162008
0.0466716	0.0143856	0.0182705
0.0470391	0.0114156	0.0199049
0.0474066	0.00827936	0.0210805
0.0477741	0.00504611	0.0217838
0.0481416	0.00178528	0.0220117
0.0485091	-0.00143476	0.0217707
0.0488766	-0.00454812	0.0210774
0.0492441	-0.00749273	0.0199571
0.0496116	-0.0102116	0.0184436
0.0499791	-0.0126537	0.0165778
0.0503466	-0.0147752	0.0144073
0.0507141	-0.01654	0.0119847
0.0510816	-0.0179202	0.00936658
0.0514491	-0.0188969	0.00661218
0.0518165	-0.0194598	0.00378215
0.052184	-0.0196076	0.000937205
0.0525515	-0.0193477	-0.00186317
0.052919	-0.018696	-0.0045619
0.0532865	-0.0176759	-0.00710548
0.053654	-0.016318	-0.00944501
0.0540215	-0.0146593	-0.0115371
0.054389	-0.0127419	-0.0133445
0.0547565	-0.0106126	-0.0148371
0.055124	-0.00832103	-0.0159919
0.0554915	-0.00591915	-0.0167938
0.055859	-0.00345985	-0.0172352
0.0562265	-0.000995846	-0.0173164
0.056594	0.00142141	-0.0170451
0.0569614	0.00374278	-0.0164363
0.0573289	0.00592242	-0.0155116
0.0576964	0.00791863	-0.0142985
0.0580639	0.00969465	-0.0128302
0.0584314	0.0112193	-0.0111438
0.0587989	0.0124674	-0.00928051
0.0591664	0.0134203	-0.00728382
0.0595339	0.014066	-0.00519899
0.0599014	0.0143992	-0.00307188
0.0602689	0.0144213	-0.000948046
0.0606364	0.0141403	0.00112827
0.0610039	0.01357	0.003115
0.0613714	0.0127301	0.00497305
0.0617389	0.0116455	0.00666709
0.0621064	0.0103453	0.00816617
0.0624738	0.0088625	0.00944424
0.0628413	0.00723294	0.0104806
0.0632088	0.00549459	0.0112601
0.0635763	0.00368665	0.0117734
0.0639438	0.0018487	0.0120171
0.0643113	1.9885e-05	0.0119933
0.0646788	-0.00176193	0.0117098
0.0650463	-0.00346088	0.0111795
0.0654138	-0.00504385	0.0104203
0.0657813	-0.00648102	0.00945408
0.0661488	-0.00774646	0.00830671
0.0665163	-0.00881854	0.007007
0.0668838	-0.00968026	0.00558617
0.0672513	-0.0103195	0.00407709
0.0676188	-0.010729	0.00251356
0.0679862	-0.0109068	0.0009296
0.0683537	-0.0108554	-0.000641325
0.0687212	-0.0105823	-0.00216694
0.0690887	-0.0100995	-0.0036168
0.0694562	-0.00942263	-0.00496293
0.0698237	-0.00857132	-0.00618027
0.0701912	-0.00756808	-0.00724714
0.0705587	-0.00643802	-0.00814563
0.0709262	-0.00520816	-0.0088618
0.0712937	-0.00390683	-0.00938592
0.0716612	-0.00256306	-0.00971251
0.0720287	-0.00120596	-0.00984038
0.0723962	0.000135925	-0.00977246
0.0727637	0.00143517	-0.00951569
0.0731312	0.00266599	-0.00908073
0.0734986	0.00380477	-0.00848164
0.0738661	0.00483045	-0.00773547
0.0742336	0.00572491	-0.00686186
0.0746011	0.00647326	-0.00588253
0.0749686	0.00706407	-0.00482077
0.0753361	0.00748947	-0.00370093
0.0757036	0.00774524	-0.00254788
0.0760711	0.00783079	-0.00138647
0.0764386	0.00774908	-0.00024104
0.0768061	0.0075064	0.000865098
0.0771736	0.00711223	0.00191008
0.0775411	0.00657889	0.00287394
0.0779086	0.00592123	0.0037389
0.0782761	0.00515626	0.00448974
0.0786435	0.00430273	0.00511403
0.079011	0.00338067	0.00560225
0.0793785	0.002411	0.00594798
0.079746	0.00141503	0.00614789
0.0801135	0.000414023	0.00620175
0.080481	-0.00057123	0.00611233
0.0808485	-0.00152083	0.00588527
0.081216	-0.00241615	0.0055289
0.0815835	-0.00324018	0.00505395
0.081951	-0.00397784	0.00447333
0.0823185	-0.00461622	0.00380175
0.082686	-0.00514478	0.0030554
0.0830535	-0.00555555	0.00225157
0.083421	-0.00584314	0.00140827
0.0837885	-0.00600486	0.000543858
0.0841559	-0.00604066	-0.000323377
0.0845234	-0.00595307	-0.00117555
0.0848909	-0.00574709	-0.00199556
0.0852584	-0.00543	-0.00276739
0.0856259	-0.0050112	-0.00347643
0.0859934	-0.0045019	-0.00410973
0.0863609	-0.00391491	-0.00465622
0.0867284	-0.00326429	-0.00510689
0.0870959	-0.00256506	-0.00545491
0.0874634	-0.00183288	-0.00569573
0.0878309	-0.00108367	-0.00582711
0.0881984	-0.000333333	-0.00584911
0.0885659	0.000402608	-0.00576404
0.0889334	0.00110929	-0.00557635
0.0893009	0.00177281	-0.00529248
0.0896683	0.00238049	-0.0049207
0.0900358	0.00292109	-0.0044709
0.0904033	0.00338502	-0.00395434
0.0907708	0.00376448	-0.00338338
0.0911383	0.00405362	-0.00277124
0.0915058	0.00424856	-0.00213165
0.0918733	0.00434747	-0.00147863
0.0922408	0.00435053	-0.000826141
0.0926083	0.00425991	-0.000187817
0.0929758	0.00407966	0.000423297
0.0933433	0.00381562	0.000995016
0.0937108	0.00347521	0.00151624
0.0940783	0.00306729	0.00197715
0.0944458	0.00260195	0.00236941
0.0948133	0.00209021	0.00268629
0.0951807	0.00154387	0.00292277
0.0955482	0.000975158	0.00307563
0.0959157	0.000396544	0.00314345
0.0962832	-0.000179579	0.00312662
0.0966507	-0.000741124	0.00302732
0.0970182	-0.00127657	0.0028494
0.0973857	-0.00177517	0.00259828
0.0977532	-0.00222721	0.00228081
0.0981207	-0.00262411	0.0019051
0.0984882	-0.00295869	0.00148033
0.0988557	-0.00322519	0.00101652
0.0992232	-0.00341943	0.000524308
0.0995907	-0.00353887	1.47284e-05
0.0999582	-0.00358258	-0.000501051
0.100326	-0.00355129	-0.00101196
0.100693	-0.00344729	-0.00150725
0.101061	-0.0032744	-0.00197675
0.101428	-0.00303783	-0.00241103
0.101796	-0.00274405	-0.00280162
0.102163	-0.00240062	-0.00314115
0.102531	-0.00201602	-0.00342352
0.102898	-0.00159943	-0.00364399
0.103266	-0.00116055	-0.00379924
0.103633	-0.00070933	-0.00388745
0.104001	-0.000255809	-0.00390828
0.104368	0.000190155	-0.00386286
0.104736	0.000619073	-0.00375373
0.105103	0.00102203	-0.0035848
0.105471	0.00139087	-0.00336115
0.105838	0.00171836	-0.00308898
0.106206	0.00199833	-0.00277542
0.106573	0.00222579	-0.00242832
0.106941	0.00239701	-0.00205612
0.107308	0.00250958	-0.00166762
0.107676	0.00256243	-0.00127177
0.108043	0.00255586	-0.000877491
0.108411	0.00249144	-0.000493451
0.108778	0.002372	-0.0001279
0.109145	0.00220153	0.000211517
0.109513	0.00198504	0.000517914
0.10988	0.00172846	0.000785306
0.110248	0.00143846	0.00100872
0.110615	0.00112227	0.00118428
0.110983	0.000787573	0.00130927
0.11135	0.000442226	0.00138217
0.111718	9.41502e-05	0.00140268
0.112085	-0.000248882	0.00137166
0.112453	-0.000579412	0.00129109
0.11282	-0.000890456	0.00116404
0.113188	-0.00117565	0.000994504
0.113555	-0.00142939	0.000787345
0.113923	-0.00164691	0.000548128
0.11429	-0.0018244	0.000282988
0.114658	-0.00195907	-1.5334e-06
0.115025	-0.00204914	-0.000298641
0.115393	-0.00209391	-0.000601454
0.11576	-0.00209369	-0.00090316
0.116128	-0.00204981	-0.00119717
0.116495	-0.00196455	-0.00147727
0.116863	-0.00184102	-0.00173775
0.11723	-0.00168312	-0.00197349
0.117598	-0.00149539	-0.00218011
0.117965	-0.0012829	-0.002354
0.118333	-0.00105111	-0.00249242
0.1187	-0.000805751	-0.00259349
0.119068	-0.000552647	-0.00265624
0.119435	-0.000297621	-0.00268058
0.119803	-4.63404e-05	-0.00266728
0.12017	0.000195804	-0.00261794
0.120538	0.000423806	-0.00253488
0.120905	0.00063315	-0.00242111
0.121273	0.00081989	-0.00228021
0.12164	0.000980721	-0.00211622
0.122008	0.00111303	-0.00193356
0.122375	0.00121491	-0.00173688
0.122743	0.00128523	-0.00153101
0.12311	0.00132355	-0.00132075
0.123478	0.00133017	-0.00111084
0.123845	0.00130606	-0.000905832
0.124213	0.00125281	-0.000709998
0.12458	0.00117259	-0.000527239
0.124948	0.00106806	-0.000361028
0.125315	0.000942291	-0.000214343
0.125683	0.000798683	-8.96298e-05
0.12605	0.000640878	1.12306e-05
0.126418	0.000472671	8.69352e-05
0.126785	0.000297915	0.000136761
0.127153	0.000120443	0.000160552
0.12752	-5.60159e-05	0.000158699
0.127888	-0.000227909	0.0001321
0.128255	-0.000391924	8.21213e-05
0.128623	-0.000545049	1.05443e-05
0.12899	-0.000684616	-8.04916e-05
0.129358	-0.000808339	-0.00018855
0.129725	-0.000914341	-0.000310961
0.130093	-0.00100117	-0.000444886
0.13046	-0.0010678	-0.000587382
0.130828	-0.00111365	-0.000735465
0.131195	-0.00113855	-0.000886167
0.131563	-0.00114271	-0.00103659
0.13193	-0.00112674	-0.00118396
0.132298	-0.0010916	-0.00132567
0.132665	-0.00103854	-0.0014593
0.133033	-0.000969102	-0.0015827
0.1334	-0.000885052	-0.00169395
0.133768	-0.000788355	-0.00179142
0.134135	-0.000681125	-0.00187378
0.134503	-0.000565592	-0.00194
0.13487	-0.000444054	-0.00198936
0.135238	-0.000318845	-0.00202144
0.135605	-0.000192293	-0.00203612
0.135972	-6.66902e-05	-0.00203358
0.13634	5.574e-05	-0.00201426
0.136707	0.000172875	-0.00197889
0.137075	0.00028272	-0.00192844
0.137442	0.000383429	-0.00186409
0.13781	0.000473334	-0.00178725
0.138177	0.00055096	-0.0016995
0.138545	0.000615048	-0.0016026
0.138912	0.000664567	-0.00149844
0.13928	0.00069873	-0.00138901
0.139647	0.000717006	-0.0012764
0.140015	0.000719129	-0.00116273
0.140382	0.000705102	-0.00105016
0.14075	0.000675204	-0.000940847
0.141117	0.000629989	-0.000836884
0.141485	0.000570281	-0.000740305
0.141852	0.000497168	-0.000653028
0.14222	0.000411992	-0.000576828
0.142587	0.00031633	-0.000513304
0.142955	0.000211976	-0.000463843
0.143322	0.000100912	-0.000429593
0.14369	-1.47144e-05	-0.000411431
0.144057	-0.000132635	-0.000409945
0.144425	-0.000250491	-0.000425403
0.144792	-0.000365881	-0.000457748
0.14516	-0.000476404	-0.000506582
0.145527	-0.000579712	-0.000571163
0.145895	-0.000673552	-0.000650411
0.146262	-0.000755825	-0.000742918
0.14663	-0.00082463	-0.000846966
0.146997	-0.000878313	-0.000960553
0.147365	-0.000915511	-0.00108143
0.147732	-0.000935194	-0.00120715
0.1481	-0.000936693	-0.00133509
0.148467	-0.000919732	-0.00146253
0.148835	-0.000884444	-0.00158672
0.149202	-0.000831382	-0.0017049
0.14957	-0.000761514	-0.00181443
0.149937	-0.000676218	-0.00191277
0.150305	-0.000577257	-0.00199764
0.150672	-0.000466747	-0.002067
0.15104	-0.000347117	-0.00211915
0.151407	-0.000221058	-0.00215278
0.151775	-9.14602e-05	-0.00216697
0.152142	3.865e-05	-0.0021613
0.15251	0.000166184	-0.00213579
0.152877	0.000288067	-0.00209096
0.153245	0.000401316	-0.00202781
0.153612	0.000503115	-0.00194781
0.15398	0.000590895	-0.00185287
0.154347	0.000662399	-0.0017453
0.154715	0.000715752	-0.00162777
0.155082	0.000749512	-0.00150321
0.15545	0.000762716	-0.0013748
0.155817	0.000754916	-0.00124583
0.156185	0.000726197	-0.00111966
0.156552	0.000677182	-0.000999591
0.15692	0.000609028	-0.000888826
0.157287	0.000523396	-0.000790347
0.157655	0.000422422	-0.000706844
0.158022	0.00030866	-0.000640641
0.15839	0.000185021	-0.00059363
0.158757	5.46981e-05	-0.00056721
0.159125	-7.8913e-05	-0.000562248
0.159492	-0.000212308	-0.00057905
0.15986	-0.000341965	-0.000617347
0.160227	-0.000464442	-0.000676294
0.160595	-0.000576468	-0.000754491
0.160962	-0.000675038	-0.000850019
0.16133	-0.000757493	-0.000960482
0.161697	-0.000821599	-0.00108308
0.162065	-0.000865606	-0.00121466
0.162432	-0.000888305	-0.00135185
0.162799	-0.000889059	-0.00149108
0.163167	-0.000867827	-0.00162875
0.163534	-0.000825163	-0.00176129
0.163902	-0.000762207	-0.00188526
0.164269	-0.00068065	-0.00199745
0.164637	-0.000582693	-0.002095
0.165004	-0.000470983	-0.00217544
0.165372	-0.000348538	-0.00223675
0.165739	-0.000218667	-0.00227749
0.166107	-8.48707e-05	-0.00229676
0.166474	4.92518e-05	-0.00229425
0.166842	0.000180108	-0.00227028
0.167209	0.000304214	-0.00222575
0.167577	0.000418291	-0.00216212
0.167944	0.000519359	-0.0020814
0.168312	0.000604821	-0.00198604
0.168679	0.000672537	-0.00187888
0.169047	0.000720878	-0.0017631
0.169414	0.000748777	-0.00164208
0.169782	0.000755752	-0.00151931
0.170149	0.000741919	-0.00139832
0.170517	0.000707981	-0.00128253
0.170884	0.00065521	-0.00117521
0.171252	0.0005854	-0.00107934
0.171619	0.000500817	-0.000997533
0.171987	0.000404123	-0.000931983
0.172354	0.0002983	-0.000884386
0.172722	0.000186559	-0.000855903
0.173089	7.22453e-05	-0.000847129
0.173457	-4.1263e-05	-0.000858081
0.173824	-0.000150652	-0.000888203
0.174192	-0.000252768	-0.000936389
0.174559	-0.00034471	-0.00100102
0.174927	-0.000423912	-0.00108002
0.175294	-0.000488212	-0.00117092
0.175662	-0.000535914	-0.00127093
0.176029	-0.000565829	-0.00137705
0.176397	-0.000577308	-0.00148611
0.176764	-0.00057025	-0.00159492
0.177132	-0.0005451	-0.00170033
0.177499	-0.000502827	-0.00179936
0.177867	-0.000444889	-0.00188923
0.178234	-0.000373183	-0.00196748
0.178602	-0.000289982	-0.00203203
0.178969	-0.000197861	-0.00208123
0.179337	-9.96175e-05	-0.0021139
0.179704	1.81633e-06	-0.00212939
0.180072	0.000103462	-0.00212752
0.180439	0.000202383	-0.00210865
0.180807	0.000295773	-0.00207364
0.181174	0.000381036	-0.00202377
0.181542	0.00045586	-0.00196075
0.181909	0.000518277	-0.00188666
0.182277	0.000566719	-0.00180383
0.182644	0.000600056	-0.00171481
0.183012	0.000617617	-0.00162228
0.183379	0.000619203	-0.00152898
0.183747	0.000605085	-0.00143758
0.184114	0.000575979	-0.00135067
0.184482	0.00053302	-0.00127061
0.184849	0.000477718	-0.00119956
0.185217	0.0004119	-0.0011393
0.185584	0.000337652	-0.00109131
0.185952	0.000257248	-0.00105664
0.186319	0.00017308	-0.00103594
0.186687	8.75788e-05	-0.00102943
0.187054	3.14404e-06	-0.00103691
0.187422	-7.79276e-05	-0.00105779
0.187789	-0.000153509	-0.0010911
0.188157	-0.000221699	-0.00113554
0.188524	-0.000280877	-0.00118953
0.188892	-0.000329739	-0.00125124
0.189259	-0.00036733	-0.00131872
0.189627	-0.000393058	-0.00138989
0.189994	-0.000406703	-0.00146262
0.190361	-0.000408414	-0.00153485
0.190729	-0.000398683	-0.00160458
0.191096	-0.00037833	-0.00166998
0.191464	-0.000348457	-0.00172941
0.191831	-0.00031041	-0.00178146
0.192199	-0.000265727	-0.00182502
0.192566	-0.000216087	-0.00185928
0.192934	-0.000163248	-0.00188371
0.193301	-0.000108997	-0.00189814
0.193669	-5.50873e-05	-0.00190269
0.194036	-3.19259e-06	-0.00189778
0.194404	4.51458e-05	-0.00188409
0.194771	8.85592e-05	-0.00186256
0.195139	0.000125887	-0.00183431
0.195506	0.000156204	-0.00180064
0.195874	0.00017884	-0.00176294
0.196241	0.000193387	-0.00172267
0.196609	0.000199704	-0.00168131
0.196976	0.000197907	-0.00164031
0.197344	0.000188356	-0.00160104
0.197711	0.000171633	-0.00156475
0.198079	0.000148511	-0.00153256
0.198446	0.000119926	-0.0015054
0.198814	8.69361e-05	-0.00148401
0.199181	5.06837e-05	-0.00146892
0.199549	1.23574e-05	-0.00146044
0.199916	-2.68488e-05	-0.00145866
0.200284	-6.57726e-05	-0.00146348
0.200651	-0.000103318	-0.00147458
0.201019	-0.000138488	-0.0014915
0.201386	-0.000170407	-0.00151358
0.201754	-0.000198346	-0.00154009
0.202121	-0.000221735	-0.00157017
0.202489	-0.000240175	-0.00160291
0.202856	-0.000253438	-0.00163738
0.203224	-0.000261466	-0.00167265
0.203591	-0.000264366	-0.0017078
0.203959	-0.00026239	-0.001742
0.204326	-0.000255928	-0.00177448
0.204694	-0.000245479	-0.00180458
0.205061	-0.000231634	-0.00183176
0.205429	-0.000215046	-0.00185561
0.205796	-0.000196413	-0.00187583
0.206164	-0.000176444	-0.00189228
0.206531	-0.000155841	-0.00190493
0.206899	-0.000135276	-0.00191389
0.207266	-0.000115367	-0.00191935
0.207634	-9.66688e-05	-0.00192165
0.208001	-7.9651e-05	-0.00192114
0.208369	-6.46938e-05	-0.0019183
0.208736	-5.20795e-05	-0.0019136
0.209104	-4.19901e-05	-0.00190757
0.209471	-3.45087e-05	-0.00190072
0.209839	-2.96231e-05	-0.00189356
0.210206	-2.72335e-05	-0.00188656
0.210574	-2.71622e-05	-0.00188015
0.210941	-2.91645e-05	-0.00187473
0.211309	-3.29428e-05	-0.0018706
0.211676	-3.81596e-05	-0.00186801
0.212044	-4.44528e-05	-0.00186714
0.212411	-5.14487e-05	-0.00186808
0.212779	-5.87766e-05	-0.00187087
0.213146	-6.60802e-05	-0.00187547
0.213514	-7.30292e-05	-0.00188177
0.213881	-7.9328e-05	-0.00188964
0.214249	-8.47233e-05	-0.00189888
0.214616	-8.90092e-05	-0.00190925
0.214984	-9.20302e-05	-0.00192052
0.215351	-9.36828e-05	-0.00193241
0.215719	-9.39143e-05	-0.00194465
0.216086	-9.27208e-05	-0.00195699
0.216454	-9.0143e-05	-0.00196918
0.216821	-8.62615e-05	-0.00198098
0.217188	-8.11903e-05	-0.0019922
0.217556	-7.50708e-05	-0.00200266
0.217923	-6.80648e-05	-0.00201222
0.218291	-6.03474e-05	-0.00202077
0.218658	-5.21005e-05	-0.00202825
0.219026	-4.3507e-05	-0.00203462
0.219393	-3.47447e-05	-0.00203986
0.219761	-2.59824e-05	-0.00204399
0.220128	-1.73755e-05	-0.00204707
0.220496	-9.06345e-06	-0.00204914
0.220863	-1.16802e-06	-0.00205029
0.221231	6.2079e-06	-0.00205061
0.221598	1.29803e-05	-0.0020502
0.221966	1.90835e-05	-0.00204915
0.222333	2.44689e-05	-0.00204758
0.222701	2.91035e-05	-0.00204558
0.223068	3.29678e-05	-0.00204325
0.223436	3.60537e-05	-0.00204068
0.223803	3.83626e-05	-0.00203796
0.224171	3.99033e-05	-0.00203517
0.224538	4.06903e-05	-0.00203239
0.224906	4.07421e-05	-0.00202968
0.225273	4.00806e-05	-0.00202711
0.225641	3.87298e-05	-0.00202475
0.226008	3.67161e-05	-0.00202264
0.226376	3.40679e-05	-0.00202085
0.226743	3.08159e-05	-0.00201943
0.227111	2.69944e-05	-0.00201843
0.227478	2.26411e-05	-0.00201792
0.227846	1.77989e-05	-0.00201793
0.228213	1.25162e-05	-0.00201853
0.228581	6.84768e-06	-0.00201975
0.228948	8.55349e-07	-0.00202166
0.229316	-5.39167e-06	-0.00202428
0.229683	-1.18168e-05	-0.00202766
0.230051	-1.83367e-05	-0.00203182
0.230418	-2.48614e-05	-0.00203678
0.230786	-3.12962e-05	-0.00204255
0.231153	-3.75427e-05	-0.00204913
0.231521	-4.35004e-05	-0.00205648
0.231888	-4.90697e-05	-0.00206459
0.232256	-5.41531e-05	-0.0020734
0.232623	-5.86585e-05	-0.00208286
0.232991	-6.25012e-05	-0.00209288
0.233358	-6.56066e-05	-0.00210338
0.233726	-6.79119e-05	-0.00211427
0.234093	-6.9369e-05	-0.00212542
0.234461	-6.99453e-05	-0.00213672
0.234828	-6.96256e-05	-0.00214805
0.235196	-6.84126e-05	-0.00215929
0.235563	-6.63275e-05	-0.00217031
0.235931	-6.34096e-05	-0.00218099
0.236298	-5.97158e-05	-0.00219121
0.236666	-5.53197e-05	-0.00220087
0.237033	-5.03096e-05	-0.00220988
0.237401	-4.47868e-05	-0.00221816
0.237768	-3.88629e-05	-0.00222565
0.238136	-3.26579e-05	-0.00223229
0.238503	-2.62968e-05	-0.00223806
0.238871	-1.99068e-05	-0.00224295
0.239238	-1.36148e-05	-0.00224697
0.239606	-7.54427e-06	-0.00225014
0.239973	-1.81258e-06	-0.00225251
0.240341	3.47128e-06	-0.00225414
0.240708	8.20893e-06	-0.00225511
0.241076	1.23144e-05	-0.00225549
0.241443	1.57157e-05	-0.00225539
0.241811	1.83556e-05	-0.00225491
0.242178	2.01925e-05	-0.00225415
0.242546	2.12008e-05	-0.00225325
0.242913	2.13706e-05	-0.00225229
0.243281	2.07072e-05	-0.00225141
0.243648	1.92307e-05	-0.0022507
0.244015	1.69745e-05	-0.00225028
0.244383	1.39843e-05	-0.00225023
0.24475	1.0317e-05	-0.00225064
0.245118	6.03849e-06	-0.0022516
0.245485	1.22268e-06	-0.00225317
0.245853	-4.05038e-06	-0.0022554
0.24622	-9.69601e-06	-0.00225835
0.246588	-1.56264e-05	-0.00226205
0.246955	-2.17521e-05	-0.00226652
0.247323	-2.79833e-05	-0.00227178
0.24769	-3.4231e-05	-0.00227783
0.248058	-4.0408e-05	-0.00228466
0.248425	-4.64301e-05	-0.00229226
0.248793	-5.22168e-05	-0.00230061
0.24916	-5.76916e-05	-0.00230966
0.249528	-6.27834e-05	-0.00231939
0.249895	-6.74261e-05	-0.00232974
0.250263	-7.15596e-05	-0.00234067
0.25063	-7.51302e-05	-0.00235212
0.250998	-7.80903e-05	-0.00236402
0.251365	-8.03993e-05	-0.00237632
0.251733	-8.20234e-05	-0.00238894
0.2521	-8.29359e-05	-0.00240181
0.252468	-8.31174e-05	-0.00241486
0.252835	-8.25558e-05	-0.00242803
0.253203	-8.12464e-05	-0.00244123
0.25357	-7.91918e-05	-0.00245439
0.253938	-7.64019e-05	-0.00246743
0.254305	-7.28939e-05	-0.0024803
0.254673	-6.86919e-05	-0.00249292
0.25504	-6.38264e-05	-0.00250522
0.255408	-5.83346e-05	-0.00251715
0.255775	-5.22593e-05	-0.00252864
0.256143	-4.56484e-05	-0.00253965
0.25651	-3.85547e-05	-0.00255013
0.256878	-3.10346e-05	-0.00256003
0.257245	-2.31478e-05	-0.00256933
0.257613	-1.49565e-05	-0.002578
0.25798	-6.52401e-06	-0.00258602
0.258348	2.08535e-06	-0.00259337
0.258715	1.08075e-05	-0.00260005
0.259083	1.9579e-05	-0.00260606
0.25945	2.83382e-05	-0.00261139
0.259818	3.70252e-05	-0.00261607
0.260185	4.5583e-05	-0.0026201
0.260553	5.39573e-05	-0.00262352
0.26092	6.20969e-05	-0.00262633
0.261288	6.99539e-05	-0.00262857
0.261655	7.74839e-05	-0.00263026
0.262023	8.46452e-05	-0.00263145
0.26239	9.13993e-05	-0.00263215
0.262758	9.77104e-05	-0.00263241
0.263125	0.000103545	-0.00263226
0.263493	0.000108871	-0.00263175
0.26386	0.000113659	-0.0026309
0.264228	0.00011788	-0.00262976
0.264595	0.000121507	-0.00262836
0.264963	0.000124514	-0.00262676
0.26533	0.000126875	-0.002625
0.265698	0.000128566	-0.00262313
0.266065	0.000129566	-0.00262119
0.266433	0.000129853	-0.00261926
0.2668	0.00012941	-0.00261738
0.267168	0.000128224	-0.00261562
0.267535	0.000126285	-0.00261406
0.267903	0.000123589	-0.00261277
0.26827	0.00012014	-0.00261183
0.268638	0.000115948	-0.00261132
0.269005	0.000111033	-0.00261133
0.269373	0.000105425	-0.00261194
0.26974	9.91664e-05	-0.00261326
0.270108	9.23093e-05	-0.00261536
0.270475	8.49196e-05	-0.00261834
0.270843	7.7076e-05	-0.00262227
0.27121	6.887e-05	-0.00262725
0.271577	6.04059e-05	-0.00263332
0.271945	5.17999e-05	-0.00264056
0.272312	4.31795e-05	-0.00264902
0.27268	3.46817e-05	-0.00265871
0.273047	2.64517e-05	-0.00266967
0.273415	1.86404e-05	-0.00268189
0.273782	1.14026e-05	-0.00269534
0.27415	4.89423e-06	-0.00271
0.274517	-7.30795e-07	-0.00272579
0.274885	-5.32301e-06	-0.00274264
0.275252	-8.74066e-06	-0.00276044
0.27562	-1.08526e-05	-0.00277908
0.275987	-1.15413e-05	-0.0027984
0.276355	-1.07055e-05	-0.00281827
0.276722	-8.26273e-06	-0.0028385
0.27709	-4.15163e-06	-0.0028589
0.277457	1.66626e-06	-0.00287929
0.277825	9.20506e-06	-0.00289947
0.278192	1.84536e-05	-0.00291924
0.27856	2.93748e-05	-0.00293838
0.278927	4.19059e-05	-0.0029567
0.279295	5.59591e-05	-0.00297402
0.279662	7.14222e-05	-0.00299015
0.28003	8.81608e-05	-0.00300493
0.280397	0.00010602	-0.00301821
0.280765	0.000124827	-0.00302986
0.281132	0.000144393	-0.00303977
0.2815	0.000164519	-0.00304787
0.281867	0.000184996	-0.00305409
0.282235	0.00020561	-0.00305842
0.282602	0.000226145	-0.00306084
0.28297	0.00024639	-0.00306137
0.283337	0.000266137	-0.00306007
0.283705	0.000285186	-0.00305701
0.284072	0.00030335	-0.00305229
0.28444	0.000320459	-0.00304602
0.284807	0.000336357	-0.00303834
0.285175	0.000350908	-0.00302941
0.285542	0.000363997	-0.00301937
0.28591	0.000375531	-0.00300842
0.286277	0.00038544	-0.00299673
0.286645	0.000393675	-0.00298448
0.287012	0.000400211	-0.00297187
0.28738	0.000405044	-0.00295908
0.287747	0.000408192	-0.00294628
0.288115	0.000409693	-0.00293365
0.288482	0.0004096	-0.00292135
0.28885	0.000407985	-0.00290954
0.289217	0.000404933	-0.00289834
0.289585	0.000400542	-0.0028879
0.289952	0.000394919	-0.00287832
0.29032	0.00038818	-0.00286969
0.290687	0.000380446	-0.0028621
0.291055	0.00037184	-0.00285562
0.291422	0.000362492	-0.00285028
0.29179	0.000352526	-0.00284614
0.292157	0.000342071	-0.00284322
0.292525	0.00033125	-0.00284152
0.292892	0.000320182	-0.00284105
0.29326	0.000308986	-0.0028418
0.293627	0.000297772	-0.00284374
0.293995	0.000286646	-0.00284685
0.294362	0.00027571	-0.00285108
0.29473	0.000265057	-0.0028564
0.295097	0.000254776	-0.00286275
0.295465	0.00024495	-0.00287008
0.295832	0.000235656	-0.00287832
0.2962	0.000226963	-0.0028874
0.296567	0.000218936	-0.00289726
0.296935	0.000211631	-0.00290782
0.297302	0.000205101	-0.002919
0.29767	0.000199388	-0.00293071
0.298037	0.000194529	-0.00294286
0.298404	0.000190552	-0.00295537
0.298772	0.000187479	-0.00296814
0.299139	0.000185321	-0.00298107
0.299507	0.000184079	-0.00299407
0.299874	0.000183745	-0.00300703
0.300242	0.000184302	-0.00301986
0.300609	0.00018572	-0.00303246
0.300977	0.000187958	-0.00304474
0.301344	0.000190966	-0.0030566
0.301712	0.000194679	-0.00306796
0.302079	0.000199024	-0.00307874
0.302447	0.000203918	-0.00308887
0.302814	0.000209267	-0.00309829
0.303182	0.000214969	-0.00310696
0.303549	0.000220917	-0.00311483
0.303917	0.000226996	-0.00312189
0.304284	0.00023309	-0.00312813
0.304652	0.000239082	-0.00313356
0.305019	0.000244855	-0.00313822
0.305387	0.000250297	-0.00314215
0.305754	0.000255301	-0.0031454
0.306122	0.000259771	-0.00314806
0.306489	0.000263619	-0.00315021
0.306857	0.000266775	-0.00315196
0.307224	0.00026918	-0.00315342
0.307592	0.000270797	-0.00315473
0.307959	0.000271605	-0.003156
0.308327	0.000271603	-0.00315736
0.308694	0.000270813	-0.00315896
0.309062	0.000269276	-0.00316092
0.309429	0.000267053	-0.00316337
0.309797	0.000264225	-0.00316641
0.310164	0.000260892	-0.00317014
0.310532	0.000257167	-0.00317465
0.310899	0.00025318	-0.00318001
0.311267	0.000249068	-0.00318625
0.311634	0.000244978	-0.00319341
0.312002	0.000241059	-0.00320148
0.312369	0.00023746	-0.00321043
0.312737	0.000234328	-0.00322021
0.313104	0.0002318	-0.00323076
0.313472	0.000230002	-0.00324198
0.313839	0.000229044	-0.00325375
0.314207	0.000229021	-0.00326594
0.314574	0.000230002	-0.0032784
0.314942	0.000232035	-0.00329097
0.315309	0.000235143	-0.00330348
0.315677	0.000239321	-0.00331576
0.316044	0.000244537	-0.00332764
0.316412	0.000250731	-0.00333895
0.316779	0.000257818	-0.00334954
0.317147	0.000265688	-0.00335925
0.317514	0.000274209	-0.00336798
0.317882	0.000283226	-0.00337559
0.318249	0.00029257	-0.00338203
0.318617	0.00030206	-0.00338722
0.318984	0.000311505	-0.00339114
0.319352	0.000320708	-0.00339379
0.319719	0.000329474	-0.0033952
0.320087	0.000337615	-0.00339543
0.320454	0.000344948	-0.00339457
0.320822	0.000351305	-0.00339273
0.321189	0.000356538	-0.00339006
0.321557	0.000360518	-0.00338671
0.321924	0.000363138	-0.00338286
0.322292	0.000364323	-0.00337872
0.322659	0.000364022	-0.00337448
0.323027	0.000362217	-0.00337036
0.323394	0.000358917	-0.00336656
0.323762	0.000354163	-0.0033633
0.324129	0.000348027	-0.00336079
0.324497	0.000340604	-0.0033592
0.324864	0.00033202	-0.00335872
0.325232	0.000322421	-0.0033595
0.325599	0.000311972	-0.00336169
0.325966	0.000300857	-0.00336538
0.326334	0.000289272	-0.00337067
0.326701	0.000277421	-0.00337761
0.327069	0.000265512	-0.00338624
0.327436	0.000253758	-0.00339656
0.327804	0.000242364	-0.00340855
0.328171	0.000231532	-0.00342214
0.328539	0.000221454	-0.00343728
0.328906	0.000212308	-0.00345387
0.329274	0.000204257	-0.00347178
0.329641	0.000197448	-0.00349088
0.330009	0.000192009	-0.00351103
0.330376	0.000188045	-0.00353207
0.330744	0.000185644	-0.00355382
0.331111	0.000184871	-0.00357612
0.331479	0.00018577	-0.00359877
0.331846	0.000188365	-0.00362162
0.332214	0.000192661	-0.00364447
0.332581	0.000198644	-0.00366716
0.332949	0.000206284	-0.00368953
0.333316	0.000215534	-0.0037114
0.333684	0.000226334	-0.00373264
0.334051	0.000238611	-0.0037531
0.334419	0.000252281	-0.00377264
0.334786	0.000267251	-0.00379116
0.335154	0.00028342	-0.00380854
0.335521	0.000300681	-0.00382468
0.335889	0.000318919	-0.00383949
0.336256	0.000338018	-0.0038529
0.336624	0.000357854	-0.00386483
0.336991	0.000378302	-0.00387524
0.337359	0.000399234	-0.00388406
0.337726	0.000420521	-0.00389127
0.338094	0.00044203	-0.00389684
0.338461	0.000463627	-0.00390074
0.338829	0.000485178	-0.00390296
0.339196	0.000506548	-0.00390351
0.339564	0.000527599	-0.0039024
0.339931	0.000548197	-0.00389964
0.340299	0.000568205	-0.00389526
0.340666	0.000587492	-0.00388931
0.341034	0.000605924	-0.00388184
0.341401	0.000623374	-0.0038729
0.341769	0.000639717	-0.00386258
0.342136	0.000654835	-0.00385096
0.342504	0.000668616	-0.00383813
0.342871	0.000680954	-0.0038242
0.343239	0.000691754	-0.00380928
0.343606	0.000700931	-0.0037935
0.343974	0.000708409	-0.00377699
0.344341	0.000714125	-0.00375989
0.344709	0.000718029	-0.00374234
0.345076	0.000720084	-0.0037245
0.345444	0.000720266	-0.0037065
0.345811	0.000718565	-0.00368851
0.346179	0.000714986	-0.00367068
0.346546	0.000709544	-0.00365315
0.346914	0.00070227	-0.00363607
0.347281	0.000693207	-0.00361958
0.347649	0.000682407	-0.00360383
0.348016	0.000669933	-0.00358893
0.348384	0.000655858	-0.00357501
0.348751	0.000640263	-0.00356219
0.349119	0.000623235	-0.00355057
0.349486	0.000604868	-0.00354024
0.349854	0.000585259	-0.00353131
0.350221	0.000564512	-0.00352384
0.350589	0.000542731	-0.00351793
0.350956	0.000520026	-0.00351363
0.351324	0.000496509	-0.003511
0.351691	0.000472292	-0.0035101
0.352059	0.000447493	-0.00351099
0.352426	0.000422232	-0.00351369
0.352793	0.000396632	-0.00351827
0.353161	0.00037082	-0.00352473
0.353528	0.000344929	-0.00353313
0.353896	0.000319094	-0.00354346
0.354263	0.000293458	-0.00355575
0.354631	0.000268169	-0.00357001
0.354998	0.000243381	-0.00358622
0.355366	0.000219253	-0.00360436
0.355733	0.000195949	-0.00362441
0.356101	0.000173637	-0.00364632
0.356468	0.000152489	-0.00367003
0.356836	0.000132676	-0.00369545
0.357203	0.000114368	-0.00372249
0.357571	9.77314e-05	-0.00375101
0.357938	8.29245e-05	-0.00378088
0.358306	7.00961e-05	-0.00381192
0.358673	5.93807e-05	-0.00384395
0.359041	5.0895e-05	-0.00387675
0.359408	4.47344e-05	-0.00391009
0.359776	4.0969e-05	-0.00394373
0.360143	3.96404e-05	-0.0039774
0.360511	4.07585e-05	-0.00401082
0.360878	4.42987e-05	-0.00404372
0.361246	5.01999e-05	-0.0040758
0.361613	5.83631e-05	-0.00410678
0.361981	6.86507e-05	-0.00413639
0.362348	8.08869e-05	-0.00416437
0.362716	9.48586e-05	-0.00419047
0.363083	0.000110317	-0.00421448
0.363451	0.000126983	-0.00423621
0.363818	0.000144547	-0.00425551
0.364186	0.000162677	-0.00427228
0.364553	0.000181024	-0.00428644
0.364921	0.000199227	-0.00429798
0.365288	0.000216921	-0.00430693
0.365656	0.000233742	-0.00431338
0.366023	0.000249338	-0.00431746
0.366391	0.000263372	-0.00431935
0.366758	0.000275535	-0.00431929
0.367126	0.000285547	-0.00431753
0.367493	0.000293167	-0.00431441
0.367861	0.000298198	-0.00431026
0.368228	0.000300491	-0.00430545
0.368596	0.00029995	-0.00430039
0.368963	0.000296534	-0.00429547
0.369331	0.000290257	-0.0042911
0.369698	0.000281191	-0.00428769
0.370066	0.000269463	-0.00428563
0.370433	0.000255252	-0.00428529
0.370801	0.000238789	-0.00428701
0.371168	0.000220346	-0.0042911
0.371536	0.000200238	-0.00429784
0.371903	0.000178809	-0.00430743
0.372271	0.000156432	-0.00432006
0.372638	0.000133496	-0.00433584
0.373006	0.000110398	-0.00435484
0.373373	8.75394e-05	-0.00437707
0.373741	6.53148e-05	-0.00440249
0.374108	4.41047e-05	-0.004431
0.374476	2.42694e-05	-0.00446247
0.374843	6.14205e-06	-0.00449671
0.375211	-9.97646e-06	-0.00453351
0.375578	-2.38221e-05	-0.00457259
0.375946	-3.5171e-05	-0.00461369
0.376313	-4.3842e-05	-0.0046565
0.376681	-4.96976e-05	-0.00470071
0.377048	-5.26442e-05	-0.004746
0.377416	-5.26309e-05	-0.00479206
0.377783	-4.96474e-05	-0.00483857
0.378151	-4.37215e-05	-0.00488524
0.378518	-3.49151e-05	-0.00493178
0.378886	-2.33197e-05	-0.00497795
0.379253	-9.05197e-06	-0.00502349
0.37962	7.75142e-06	-0.00506821
0.379988	2.69392e-05	-0.00511193
0.380355	4.83503e-05	-0.0051545
0.380723	7.18195e-05	-0.00519579
0.38109	9.71814e-05	-0.00523571
0.381458	0.000124275	-0.00527419
0.381825	0.000152947	-0.00531118
0.382193	0.000183054	-0.00534666
0.38256	0.000214469	-0.0053806
0.382928	0.000247076	-0.00541302
0.383295	0.000280777	-0.00544391
0.383663	0.000315487	-0.00547329
0.38403	0.000351138	-0.00550117
0.384398	0.000387676	-0.00552756
0.384765	0.000425058	-0.00555248
0.385133	0.00046325	-0.00557591
0.3855	0.000502228	-0.00559785
0.385868	0.000541971	-0.00561827
0.386235	0.000582461	-0.00563715
0.386603	0.000623678	-0.00565445
0.38697	0.000665599	-0.00567011
0.387338	0.000708197	-0.00568407
0.387705	0.000751433	-0.00569625
0.388073	0.000795262	-0.00570659
0.38844	0.000839624	-0.00571499
0.388808	0.000884449	-0.00572136
0.389175	0.000929651	-0.00572563
0.389543	0.000975132	-0.00572771
0.38991	0.00102078	-0.0057275
0.390278	0.00106646	-0.00572494
0.390645	0.00111205	-0.00571995
0.391013	0.00115738	-0.00571248
0.39138	0.00120229	-0.00570246
0.391748	0.00124662	-0.00568988
0.392115	0.00129017	-0.00567469
0.392483	0.00133275	-0.00565689
0.39285	0.00137418	-0.00563649
0.393218	0.00141424	-0.0056135
0.393585	0.00145274	-0.00558796
0.393953	0.00148946	-0.00555992
0.39432	0.00152419	-0.00552946
0.394688	0.00155673	-0.00549667
0.395055	0.00158685	-0.00546164
0.395423	0.00161437	-0.00542451
0.39579	0.00163906	-0.00538543
0.396158	0.00166074	-0.00534454
0.396525	0.0016792	-0.00530205
0.396893	0.00169427	-0.00525816
0.39726	0.00170576	-0.00521308
0.397628	0.00171352	-0.00516708
0.397995	0.00171739	-0.00512042
0.398363	0.00171725	-0.0050734
0.39873	0.00171299	-0.00502633
0.399098	0.00170452	-0.00497954
0.399465	0.00169178	-0.00493339
0.399833	0.00167475	-0.00488825
0.4002	0.00165342	-0.0048445
0.400568	0.00162785	-0.00480254
0.400935	0.00159812	-0.00476278
0.401303	0.00156435	-0.00472563
0.40167	0.00152671	-0.00469149
0.402038	0.00148542	-0.00466078
0.402405	0.00144076	-0.00463388
0.402773	0.00139303	-0.00461116
0.40314	0.0013426	-0.00459298
0.403508	0.00128987	-0.00457965
0.403875	0.00123531	-0.00457146
0.404243	0.0011794	-0.00456863
0.40461	0.00112267	-0.00457136
0.404978	0.00106569	-0.00457977
0.405345	0.00100905	-0.00459394
0.405713	0.000953332	-0.00461385
0.40608	0.000899162	-0.00463945
0.406448	0.00084715	-0.0046706
0.406815	0.000797899	-0.00470707
0.407182	0.000751996	-0.00474859
0.40755	0.000709998	-0.0047948
0.407917	0.000672426	-0.00484526
0.408285	0.000639754	-0.00489948
0.408652	0.000612401	-0.0049569
0.40902	0.000590722	-0.00501692
0.409387	0.000574998	-0.00507888
0.409755	0.000565436	-0.00514209
0.410122	0.000562156	-0.00520582
0.41049	0.000565191	-0.00526933
0.410857	0.000574484	-0.00533188
0.411225	0.000589884	-0.00539272
0.411592	0.00061115	-0.00545114
0.41196	0.00063795	-0.00550643
0.412327	0.000669866	-0.00555794
0.412695	0.000706398	-0.00560508
0.413062	0.000746968	-0.0056473
0.41343	0.000790936	-0.00568413
0.413797	0.000837598	-0.00571519
0.414165	0.000886207	-0.00574019
0.414532	0.000935975	-0.00575892
0.4149	0.000986094	-0.00577128
0.415267	0.00103574	-0.00577728
0.415635	0.0010841	-0.00577702
0.416002	0.00113037	-0.00577072
0.41637	0.00117378	-0.00575869
0.416737	0.00121359	-0.00574134
0.417105	0.00124913	-0.0057192
0.417472	0.0012798	-0.00569284
0.41784	0.00130506	-0.00566293
0.418207	0.00132449	-0.00563023
0.418575	0.00133774	-0.00559551
0.418942	0.00134457	-0.00555961
0.41931	0.00134487	-0.0055234
0.419677	0.00133863	-0.00548775
0.420045	0.00132594	-0.00545352
0.420412	0.00130704	-0.00542158
0.42078	0.00128225	-0.00539275
0.421147	0.00125203	-0.0053678
0.421515	0.00121692	-0.00534745
0.421882	0.00117755	-0.00533232
0.42225	0.00113465	-0.00532297
0.422617	0.00108902	-0.00531984
0.422985	0.0010415	-0.00532327
0.423352	0.000992978	-0.00533347
0.42372	0.000944381	-0.00535055
0.424087	0.00089663	-0.00537447
0.424455	0.000850644	-0.00540507
0.424822	0.000807311	-0.00544208
0.42519	0.000767478	-0.0054851
0.425557	0.000731931	-0.0055336
0.425925	0.000701379	-0.00558695
0.426292	0.000676439	-0.00564446
0.42666	0.000657624	-0.0057053
0.427027	0.000645332	-0.00576863
0.427395	0.000639835	-0.00583351
0.427762	0.000641276	-0.00589901
0.42813	0.000649662	-0.00596417
0.428497	0.000664864	-0.00602803
0.428865	0.00068662	-0.00608967
0.429232	0.000714536	-0.00614821
0.4296	0.0007481	-0.00620284
0.429967	0.000786686	-0.00625282
0.430335	0.000829569	-0.00629752
0.430702	0.000875943	-0.00633642
0.43107	0.000924933	-0.00636911
0.431437	0.000975619	-0.00639533
0.431805	0.00102705	-0.00641494
0.432172	0.00107827	-0.00642796
0.43254	0.00112834	-0.00643453
0.432907	0.00117636	-0.00643493
0.433275	0.00122146	-0.00642959
0.433642	0.00126289	-0.00641904
0.434009	0.00129994	-0.00640391
0.434377	0.00133205	-0.00638495
0.434744	0.00135875	-0.00636296
0.435112	0.00137972	-0.0063388
0.435479	0.00139476	-0.00631336
0.435847	0.00140382	-0.00628757
0.436214	0.00140699	-0.00626231
0.436582	0.0014045	-0.00623845
0.436949	0.00139668	-0.00621683
0.437317	0.00138401	-0.00619817
0.437684	0.00136708	-0.00618315
0.438052	0.00134654	-0.00617231
0.438419	0.00132314	-0.0061661
0.438787	0.00129767	-0.00616482
0.439154	0.00127097	-0.00616866
0.439522	0.00124385	-0.00617765
0.439889	0.00121716	-0.00619172
0.440257	0.00119168	-0.00621063
0.440624	0.00116815	-0.00623405
0.440992	0.00114724	-0.00626151
0.441359	0.00112952	-0.00629246
0.441727	0.00111546	-0.00632626
0.442094	0.00110543	-0.00636221
0.442462	0.00109966	-0.00639956
0.442829	0.00109825	-0.00643754
0.443197	0.00110118	-0.00647539
0.443564	0.0011083	-0.00651234
0.443932	0.00111932	-0.00654769
0.444299	0.00113387	-0.00658079
0.444667	0.00115143	-0.00661105
0.445034	0.00117145	-0.00663801
0.445402	0.00119325	-0.00666127
0.445769	0.00121615	-0.00668059
0.446137	0.0012394	-0.00669581
0.446504	0.00126225	-0.00670694
0.446872	0.00128397	-0.00671407
0.447239	0.00130383	-0.00671745
0.447607	0.00132119	-0.00671741
0.447974	0.00133544	-0.00671442
0.448342	0.00134606	-0.00670901
0.448709	0.00135265	-0.00670182
0.449077	0.00135487	-0.00669351
0.449444	0.00135255	-0.00668482
0.449812	0.00134558	-0.00667649
0.450179	0.00133403	-0.00666927
0.450547	0.00131803	-0.0066639
0.450914	0.00129788	-0.00666108
0.451282	0.00127394	-0.00666145
0.451649	0.00124669	-0.0066656
0.452017	0.00121669	-0.00667403
0.452384	0.00118456	-0.00668714
0.452752	0.00115099	-0.00670523
0.453119	0.00111668	-0.0067285
0.453487	0.00108238	-0.00675704
0.453854	0.0010488	-0.00679083
0.454222	0.00101668	-0.00682972
0.454589	0.000986684	-0.00687348
0.454957	0.000959454	-0.00692178
0.455324	0.00093556	-0.00697421
0.455692	0.000915504	-0.00703026
0.456059	0.000899704	-0.00708938
0.456427	0.000888489	-0.00715098
0.456794	0.000882097	-0.00721443
0.457162	0.000880669	-0.00727906
0.457529	0.000884252	-0.00734423
0.457897	0.000892801	-0.0074093
0.458264	0.000906183	-0.00747365
0.458632	0.000924185	-0.00753669
0.458999	0.000946522	-0.00759789
0.459367	0.000972845	-0.00765678
0.459734	0.00100275	-0.00771291
0.460102	0.00103579	-0.00776596
0.460469	0.0010715	-0.00781563
0.460837	0.00110937	-0.00786171
0.461204	0.0011489	-0.00790406
0.461571	0.00118958	-0.00794261
0.461939	0.00123092	-0.00797735
0.462306	0.00127244	-0.00800834
0.462674	0.00131367	-0.00803569
0.463041	0.00135421	-0.00805957
0.463409	0.00139365	-0.00808017
0.463776	0.00143164	-0.00809775
0.464144	0.00146789	-0.00811257
0.464511	0.00150211	-0.00812493
0.464879	0.00153408	-0.00813515
0.465246	0.00156362	-0.00814357
0.465614	0.00159059	-0.0081505
0.465981	0.00161487	-0.00815631
0.466349	0.0016364	-0.00816132
0.466716	0.00165515	-0.00816588
0.467084	0.00167113	-0.00817031
0.467451	0.00168435	-0.00817494
0.467819	0.00169489	-0.00818009
0.468186	0.00170283	-0.00818606
0.468554	0.0017083	-0.00819313
0.468921	0.00171143	-0.00820159
0.469289	0.00171239	-0.0082117
0.469656	0.00171139	-0.00822369
0.470024	0.00170862	-0.0082378
0.470391	0.00170434	-0.00825423
0.470759	0.0016988	-0.00827315
0.471126	0.00169229	-0.00829473
0.471494	0.00168511	-0.00831908
0.471861	0.00167757	-0.0083463
0.472229	0.00167	-0.00837644
0.472596	0.00166276	-0.00840952
0.472964	0.00165617	-0.00844551
0.473331	0.0016506	-0.00848435
0.473699	0.00164639	-0.00852592
0.474066	0.00164385	-0.00857007
0.474434	0.00164332	-0.00861658
0.474801	0.00164508	-0.00866522
0.475169	0.00164938	-0.00871567
0.475536	0.00165644	-0.00876761
0.475904	0.00166644	-0.00882067
0.476271	0.00167948	-0.00887446
0.476639	0.00169563	-0.00892855
0.477006	0.00171489	-0.00898252
0.477374	0.00173718	-0.00903592
0.477741	0.00176237	-0.00908834
0.478109	0.00179024	-0.00913935
0.478476	0.00182052	-0.00918858
0.478844	0.00185287	-0.00923569
0.479211	0.00188689	-0.00928037
0.479579	0.00192211	-0.0093224
0.479946	0.00195805	-0.00936161
0.480314	0.00199416	-0.00939792
0.480681	0.00202988	-0.00943133
0.481049	0.00206464	-0.00946194
0.481416	0.00209788	-0.00948993
0.481784	0.00212904	-0.00951559
0.482151	0.00215759	-0.0095393
0.482519	0.00218308	-0.00956152
0.482886	0.00220508	-0.00958282
0.483254	0.00222327	-0.00960382
0.483621	0.00223739	-0.00962525
0.483989	0.00224731	-0.00964785
0.484356	0.00225298	-0.00967244
0.484724	0.00225448	-0.00969986
0.485091	0.00225204	-0.00973094
0.485459	0.00224599	-0.00976653
0.485826	0.0022368	-0.00980745
0.486194	0.00222507	-0.00985447
0.486561	0.00221151	-0.0099083
0.486929	0.00219699	-0.00996957
0.487296	0.00218244	-0.0100388
0.487664	0.00216891	-0.0101165
0.488031	0.00215755	-0.0102028
0.488398	0.00214955	-0.0102979
0.488766	0.00214616	-0.0104019
0.489133	0.00214867	-0.0105145
0.489501	0.00215837	-0.0106354
0.489868	0.00217654	-0.0107642
0.490236	0.00220441	-0.0109
0.490603	0.00224318	-0.0110421
0.490971	0.00229396	-0.0111895
0.491338	0.00235773	-0.0113409
0.491706	0.00243539	-0.0114951
0.492073	0.00252766	-0.0116505
0.492441	0.00263512	-0.0118056
0.492808	0.00275816	-0.0119588
0.493176	0.00289698	-0.0121083
0.493543	0.00305158	-0.0122522
0.493911	0.00322173	-0.0123887
0.494278	0.00340699	-0.0125161
0.494646	0.0036067	-0.0126325
0.495013	0.00381998	-0.0127362
0.495381	0.00404573	-0.0128254
0.495748	0.00428262	-0.0128986
0.496116	0.00452916	-0.0129544
0.496483	0.00478364	-0.0129915
0.496851	0.00504421	-0.0130088
0.497218	0.00530886	-0.0130055
0.497586	0.00557547	-0.0129808
0.497953	0.00584182	-0.0129344
0.498321	0.00610563	-0.0128661
0.498688	0.00636459	-0.012776
0.499056	0.0066164	-0.0126646
0.499423	0.00685877	-0.0125324
0.499791	0.00708952	-0.0123803
0.500158	0.00730652	-0.0122096
0.500526	0.00750783	-0.0120217
0.500893	0.00769163	-0.0118182
0.501261	0.00785635	-0.0116009
0.501628	0.00800059	-0.0113721
0.501996	0.00812324	-0.0111337
0.502363	0.00822342	-0.0108883
0.502731	0.00830058	-0.0106381
0.503098	0.00835442	-0.0103857
0.503466	0.00838495	-0.0101335
0.503833	0.0083925	-0.00988405
0.504201	0.00837765	-0.00963964
0.504568	0.00834131	-0.0094026
0.504936	0.00828462	-0.00917506
0.505303	0.00820897	-0.00895899
0.505671	0.00811598	-0.00875615
0.506038	0.00800745	-0.00856807
0.506406	0.00788532	-0.00839604
0.506773	0.00775168	-0.00824104
0.507141	0.00760866	-0.0081038
0.507508	0.00745844	-0.00798475
0.507876	0.00730319	-0.00788403
0.508243	0.00714505	-0.00780148
0.508611	0.00698605	-0.0077367
0.508978	0.00682811	-0.00768901
0.509346	0.00667299	-0.00765752
0.509713	0.00652227	-0.00764112
0.510081	0.0063773	-0.00763854
0.510448	0.00623921	-0.00764837
0.510816	0.00610889	-0.00766912
0.511183	0.00598695	-0.00769923
0.511551	0.00587377	-0.00773712
0.511918	0.00576947	-0.00778126
0.512286	0.00567391	-0.00783016
0.512653	0.00558675	-0.00788244
0.513021	0.00550744	-0.00793685
0.513388	0.00543525	-0.00799232
0.513756	0.0053693	-0.00804794
0.514123	0.00530862	-0.00810303
0.514491	0.00525216	-0.00815713
0.514858	0.00519882	-0.00820998
0.515225	0.00514753	-0.00826157
0.515593	0.00509726	-0.00831212
0.51596	0.00504706	-0.00836203
0.516328	0.00499609	-0.00841192
0.516695	0.00494366	-0.00846255
0.517063	0.00488927	-0.00851483
0.51743	0.0048326	-0.00856979
0.517798	0.00477355	-0.00862852
0.518165	0.00471225	-0.00869215
0.518533	0.00464904	-0.00876178
0.5189	0.00458451	-0.00883849
0.519268	0.00451945	-0.00892329
0.519635	0.00445487	-0.00901703
0.520003	0.00439193	-0.00912045
0.52037	0.00433198	-0.00923407
0.520738	0.00427648	-0.00935824
0.521105	0.00422699	-0.00949305
0.521473	0.00418512	-0.00963835
0.52184	0.00415251	-0.00979376
0.522208	0.00413076	-0.00995861
0.522575	0.00412143	-0.010132
0.522943	0.00412595	-0.0103128
0.52331	0.00414564	-0.0104996
0.523678	0.00418164	-0.0106909
0.524045	0.00423488	-0.0108848
0.524413	0.00430606	-0.0110795
0.52478	0.00439565	-0.0112729
0.525148	0.00450384	-0.011463
0.525515	0.00463053	-0.0116474
0.525883	0.00477536	-0.0118242
0.52625	0.00493769	-0.0119911
0.526618	0.00511658	-0.0121462
0.526985	0.00531086	-0.0122874
0.527353	0.0055191	-0.012413
0.52772	0.00573965	-0.0125213
0.528088	0.00597066	-0.012611
0.528455	0.00621014	-0.0126809
0.528823	0.00645593	-0.01273
0.52919	0.0067058	-0.0127577
0.529558	0.00695744	-0.0127634
0.529925	0.00720851	-0.0127472
0.530293	0.00745668	-0.0127092
0.53066	0.00769968	-0.0126497
0.531028	0.00793527	-0.0125693
0.531395	0.00816134	-0.0124691
0.531763	0.00837591	-0.01235
0.53213	0.00857713	-0.0122135
0.532498	0.00876333	-0.012061
0.532865	0.00893304	-0.0118941
0.533233	0.00908496	-0.0117147
0.5336	0.009218	-0.0115245
0.533968	0.00933129	-0.0113256
0.534335	0.00942416	-0.0111199
0.534703	0.00949615	-0.0109094
0.53507	0.00954699	-0.0106962
0.535438	0.0095766	-0.0104823
0.535805	0.00958509	-0.0102696
0.536173	0.00957275	-0.0100602
0.53654	0.00954002	-0.00985579
0.536908	0.00948748	-0.0096583
0.537275	0.00941585	-0.00946943
0.537643	0.00932601	-0.00929085
0.53801	0.0092189	-0.00912412
0.538378	0.00909561	-0.00897074
0.538745	0.00895733	-0.00883209
0.539113	0.00880533	-0.00870951
0.53948	0.00864099	-0.00860421
0.539848	0.00846578	-0.00851732
0.540215	0.00828124	-0.00844987
0.540583	0.00808904	-0.0084028
0.54095	0.00789092	-0.00837693
0.541318	0.0076887	-0.00837298
0.541685	0.00748431	-0.00839152
0.542053	0.00727978	-0.008433
0.54242	0.0070772	-0.00849771
0.542787	0.00687874	-0.00858578
0.543155	0.00668668	-0.00869712
0.543522	0.00650331	-0.00883148
0.54389	0.00633099	-0.00898835
0.544257	0.00617209	-0.009167
0.544625	0.006029	-0.00936644
0.544992	0.00590406	-0.00958539
0.54536	0.00579954	-0.00982233
0.545727	0.00571764	-0.0100754
0.546095	0.0056604	-0.0103425
0.546462	0.00562968	-0.0106213
0.54683	0.00562715	-0.010909
0.547197	0.00565418	-0.0112027
0.547565	0.00571186	-0.0114993
0.547932	0.00580092	-0.0117953
0.5483	0.00592172	-0.0120874
0.548667	0.0060742	-0.0123718
0.549035	0.00625785	-0.0126448
0.549402	0.00647172	-0.0129027
0.54977	0.00671436	-0.0131419
0.550137	0.00698386	-0.0133588
0.550505	0.00727782	-0.01355
0.550872	0.00759341	-0.0137125
0.55124	0.00792734	-0.0138434
0.551607	0.00827594	-0.0139403
0.551975	0.00863519	-0.0140013
0.552342	0.00900078	-0.0140249
0.55271	0.00936817	-0.0140102
0.553077	0.00973267	-0.0139568
0.553445	0.0100895	-0.0138651
0.553812	0.0104339	-0.0137358
0.55418	0.0107613	-0.0135706
0.554547	0.011067	-0.0133714
0.554915	0.0113469	-0.0131412
0.555282	0.0115972	-0.0128831
0.55565	0.0118144	-0.0126009
0.556017	0.0119956	-0.0122989
0.556385	0.0121383	-0.0119817
0.556752	0.0122409	-0.0116543
0.55712	0.0123022	-0.0113218
0.557487	0.0123219	-0.0109895
0.557855	0.0123003	-0.0106626
0.558222	0.0122383	-0.0103465
0.55859	0.0121376	-0.0100461
0.558957	0.0120007	-0.00976629
0.559325	0.0118303	-0.00951147
0.559692	0.0116302	-0.00928566
0.56006	0.0114042	-0.00909236
0.560427	0.0111568	-0.0089345
0.560795	0.0108928	-0.00881438
0.561162	0.0106172	-0.00873364
0.56153	0.0103352	-0.00869325
0.561897	0.0100519	-0.00869348
0.562265	0.00977253	-0.00873391
0.562632	0.00950208	-0.00881344
0.563	0.00924535	-0.00893037
0.563367	0.00900682	-0.00908236
0.563735	0.00879059	-0.00926656
0.564102	0.00860029	-0.00947965
0.56447	0.00843907	-0.00971789
0.564837	0.00830953	-0.00997723
0.565205	0.00821368	-0.0102534
0.565572	0.00815295	-0.0105419
0.56594	0.00812818	-0.0108382
0.566307	0.00813961	-0.0111378
0.566675	0.00818691	-0.0114363
0.567042	0.00826922	-0.0117293
0.56741	0.00838517	-0.0120128
0.567777	0.00853293	-0.012283
0.568145	0.00871025	-0.0125364
0.568512	0.00891456	-0.01277
0.56888	0.00914296	-0.0129809
0.569247	0.00939235	-0.013167
0.569614	0.00965942	-0.0133262
0.569982	0.00994076	-0.0134573
0.570349	0.0102329	-0.0135591
0.570717	0.0105324	-0.013631
0.571084	0.0108357	-0.0136729
0.571452	0.0111395	-0.0136849
0.571819	0.0114406	-0.0136675
0.572187	0.0117358	-0.0136215
0.572554	0.0120222	-0.0135481
0.572922	0.0122971	-0.0134486
0.573289	0.0125578	-0.0133247
0.573657	0.0128021	-0.0131782
0.574024	0.0130279	-0.0130111
0.574392	0.0132332	-0.0128255
0.574759	0.0134164	-0.0126237
0.575127	0.0135762	-0.012408
0.575494	0.0137112	-0.012181
0.575862	0.0138206	-0.0119451
0.576229	0.0139036	-0.0117029
0.576597	0.0139597	-0.0114572
0.576964	0.0139886	-0.0112104
0.577332	0.0139902	-0.0109652
0.577699	0.0139647	-0.0107244
0.578067	0.0139124	-0.0104906
0.578434	0.013834	-0.0102664
0.578802	0.0137302	-0.0100543
0.579169	0.0136022	-0.00985687
0.579537	0.0134511	-0.0096766
0.579904	0.0132786	-0.00951579
0.580272	0.0130863	-0.00937669
0.580639	0.0128762	-0.00926138
0.581007	0.0126503	-0.00917181
0.581374	0.0124111	-0.00910974
0.581742	0.0121611	-0.00907674
0.582109	0.0119028	-0.00907415
0.582477	0.0116393	-0.00910308
0.582844	0.0113734	-0.0091644
0.583212	0.0111083	-0.0092587
0.583579	0.010847	-0.00938627
0.583947	0.0105928	-0.00954714
0.584314	0.010349	-0.00974102
0.584682	0.0101188	-0.00996732
0.585049	0.00990543	-0.0102251
0.585417	0.00971207	-0.0105133
0.585784	0.00954181	-0.0108302
0.586152	0.00939763	-0.0111741
0.586519	0.00928236	-0.0115429
0.586887	0.00919869	-0.0119341
0.587254	0.0091491	-0.0123452
0.587622	0.00913587	-0.0127733
0.587989	0.00916103	-0.0132151
0.588357	0.00922634	-0.0136672
0.588724	0.0093333	-0.0141261
0.589092	0.00948307	-0.0145881
0.589459	0.00967649	-0.0150491
0.589827	0.00991406	-0.0155051
0.590194	0.0101959	-0.0159519
0.590562	0.0105217	-0.0163851
0.590929	0.0108909	-0.0168006
0.591297	0.0113022	-0.0171938
0.591664	0.0117541	-0.0175606
0.592032	0.0122446	-0.0178967
0.592399	0.0127713	-0.0181979
0.592767	0.0133312	-0.0184602
0.593134	0.0139208	-0.01868
0.593502	0.0145363	-0.0188538
0.593869	0.0151735	-0.0189784
0.594237	0.0158275	-0.0190511
0.594604	0.0164932	-0.0190697
0.594972	0.0171653	-0.0190324
0.595339	0.0178379	-0.0189381
0.595707	0.0185051	-0.0187862
0.596074	0.0191607	-0.0185768
0.596441	0.0197985	-0.0183109
0.596809	0.0204123	-0.0179899
0.597176	0.0209959	-0.0176162
0.597544	0.0215435	-0.017193
0.597911	0.0220493	-0.016724
0.598279	0.0225083	-0.0162138
0.598646	0.0229157	-0.0156678
0.599014	0.0232673	-0.0150917
0.599381	0.0235598	-0.014492
0.599749	0.0237905	-0.0138756
0.600116	0.0239577	-0.0132499
0.600484	0.0240605	-0.0126223
0.600851	0.024099	-0.0120004
0.601219	0.0240744	-0.0113921
0.601586	0.0239886	-0.0108047
0.601954	0.0238448	-0.0102456
0.602321	0.023647	-0.00972166
0.602689	0.0234	-0.00923908
0.603056	0.0231096	-0.00880353
0.603424	0.0227821	-0.00841988
0.603791	0.0224246	-0.00809209
0.604159	0.0220446	-0.00782317
0.604526	0.0216498	-0.0076151
0.604894	0.0212483	-0.0074688
0.605261	0.0208481	-0.00738409
0.605629	0.0204571	-0.00735972
0.605996	0.020083	-0.00739341
0.606364	0.019733	-0.00748184
0.606731	0.0194138	-0.00762079
0.607099	0.0191312	-0.00780522
0.607466	0.0188905	-0.00802935
0.607834	0.018696	-0.00828684
0.608201	0.018551	-0.00857088
0.608569	0.0184577	-0.00887437
0.608936	0.0184176	-0.00919006
0.609304	0.0184309	-0.00951069
0.609671	0.0184969	-0.00982917
0.610039	0.0186139	-0.0101387
0.610406	0.0187795	-0.0104329
0.610774	0.0189904	-0.0107058
0.611141	0.0192425	-0.0109524
0.611509	0.0195312	-0.011168
0.611876	0.0198517	-0.011349
0.612244	0.0201984	-0.0114924
0.612611	0.0205661	-0.011596
0.612979	0.020949	-0.0116587
0.613346	0.0213416	-0.0116798
0.613714	0.0217387	-0.0116597
0.614081	0.0221352	-0.0115991
0.614449	0.0225264	-0.0114997
0.614816	0.0229079	-0.0113635
0.615184	0.023276	-0.0111928
0.615551	0.0236274	-0.0109906
0.615919	0.0239594	-0.0107598
0.616286	0.0242696	-0.0105036
0.616654	0.0245564	-0.0102253
0.617021	0.0248185	-0.00992811
0.617389	0.025055	-0.00961513
0.617756	0.0252656	-0.00928939
0.618124	0.02545	-0.00895372
0.618491	0.0256085	-0.00861073
0.618859	0.0257413	-0.00826285
0.619226	0.025849	-0.00791226
0.619594	0.0259322	-0.00756096
0.619961	0.0259915	-0.00721076
0.620329	0.0260275	-0.00686333
0.620696	0.0260409	-0.00652021
0.621064	0.0260324	-0.00618287
0.621431	0.0260026	-0.00585276
0.621799	0.0259521	-0.00553131
0.622166	0.0258815	-0.00521999
0.622534	0.0257915	-0.00492032
0.622901	0.0256828	-0.00463388
0.623269	0.0255563	-0.00436233
0.623636	0.0254131	-0.00410738
0.624003	0.0252543	-0.00387081
0.624371	0.0250816	-0.00365437
0.624738	0.0248965	-0.0034598
0.625106	0.0247013	-0.00328876
0.625473	0.0244982	-0.00314273
0.625841	0.02429	-0.00302301
0.626208	0.0240796	-0.0029306
0.626576	0.0238703	-0.00286617
0.626943	0.0236654	-0.00282996
0.627311	0.0234687	-0.00282175
0.627678	0.0232839	-0.00284079
0.628046	0.0231146	-0.00288579
0.628413	0.0229645	-0.00295488
0.628781	0.0228371	-0.00304559
0.629148	0.0227355	-0.00315492
0.629516	0.0226625	-0.0032793
0.629883	0.0226204	-0.0034147
0.630251	0.022611	-0.00355665
0.630618	0.0226352	-0.00370038
0.630986	0.0226935	-0.00384088
0.631353	0.0227855	-0.00397302
0.631721	0.0229099	-0.00409168
0.632088	0.0230647	-0.0041919
0.632456	0.0232472	-0.00426896
0.632823	0.0234538	-0.00431859
0.633191	0.0236802	-0.00433699
0.633558	0.0239217	-0.00432106
0.633926	0.0241729	-0.00426839
0.634293	0.024428	-0.00417745
0.634661	0.0246811	-0.00404756
0.635028	0.024926	-0.003879
0.635396	0.0251568	-0.00367299
0.635763	0.0253676	-0.0034317
0.636131	0.0255527	-0.00315821
0.636498	0.0257073	-0.00285646
0.636866	0.025827	-0.00253114
0.637233	0.025908	-0.00218762
0.637601	0.0259475	-0.00183181
0.637968	0.0259438	-0.00147003
0.638336	0.0258958	-0.00110884
0.638703	0.0258038	-0.000754893
0.639071	0.0256689	-0.000414779
0.639438	0.0254931	-9.48482e-05
0.639806	0.0252797	0.000198936
0.640173	0.0250326	0.000461145
0.640541	0.0247566	0.000687019
0.640908	0.024457	0.000872578
0.641276	0.0241398	0.00101472
0.641643	0.0238113	0.00111128
0.642011	0.0234781	0.00116108
0.642378	0.0231468	0.00116396
0.642746	0.0228238	0.00112076
0.643113	0.0225155	0.00103325
0.643481	0.0222276	0.000904147
0.643848	0.0219656	0.000736943
0.644216	0.021734	0.000535867
0.644583	0.0215367	0.00030573
0.644951	0.0213768	5.1798e-05
0.645318	0.0212565	-0.000220355
0.645686	0.021177	-0.000504999
0.646053	0.0211386	-0.000796404
0.646421	0.0211407	-0.00108899
0.646788	0.0211821	-0.00137746
0.647156	0.0212604	-0.00165695
0.647523	0.0213728	-0.00192314
0.647891	0.0215159	-0.00217235
0.648258	0.0216857	-0.00240164
0.648626	0.0218781	-0.00260883
0.648993	0.0220886	-0.00279257
0.649361	0.0223128	-0.00295234
0.649728	0.0225464	-0.00308844
0.650096	0.0227853	-0.00320192
0.650463	0.0230259	-0.00329458
0.65083	0.0232651	-0.00336883
0.651198	0.0235001	-0.00342763
0.651565	0.0237293	-0.00347435
0.651933	0.0239514	-0.00351265
0.6523	0.0241662	-0.00354636
0.652668	0.0243742	-0.00357929
0.653035	0.0245766	-0.00361515
0.653403	0.0247757	-0.00365735
0.65377	0.0249742	-0.00370889
0.654138	0.0251758	-0.00377224
0.654505	0.0253845	-0.00384917
0.654873	0.0256049	-0.00394074
0.65524	0.025842	-0.00404713
0.655608	0.0261008	-0.00416762
0.655975	0.0263865	-0.00430055
0.656343	0.0267043	-0.00444327
0.65671	0.0270589	-0.00459218
0.657078	0.0274549	-0.00474274
0.657445	0.027896	-0.00488953
0.657813	0.0283853	-0.0050263
0.65818	0.0289253	-0.00514612
0.658548	0.0295173	-0.00524143
0.658915	0.0301615	-0.00530423
0.659283	0.0308571	-0.00532621
0.65965	0.031602	-0.0052989
0.660018	0.0323929	-0.00521387
0.660385	0.0332253	-0.00506288
0.660753	0.0340932	-0.0048381
0.66112	0.0349896	-0.00453225
0.661488	0.0359063	-0.00413881
0.661855	0.036834	-0.00365218
0.662223	0.0377624	-0.00306784
0.66259	0.0386806	-0.0023825
0.662958	0.0395768	-0.00159421
0.663325	0.0404387	-0.000702491
0.663693	0.0412539	0.000291585
0.66406	0.0420097	0.00138535
0.664428	0.0426937	0.00257451
0.664795	0.0432936	0.00385311
0.665163	0.043798	0.00521361
0.66553	0.0441959	0.00664691
0.665898	0.0444776	0.00814244
0.666265	0.0446344	0.00968829
0.666633	0.0446589	0.0112713
0.667	0.0445456	0.0128775
0.667368	0.0442903	0.0144917
0.667735	0.0438908	0.0160983
0.668103	0.0433467	0.0176815
0.66847	0.0426598	0.019225
0.668838	0.0418337	0.0207129
0.669205	0.0408738	0.0221295
0.669573	0.0397879	0.0234598
0.66994	0.0385852	0.0246896
0.670308	0.037277	0.0258061
0.670675	0.0358759	0.0267975
0.671043	0.0343963	0.0276539
0.67141	0.0328534	0.0283669
0.671778	0.0312636	0.0289301
0.672145	0.0296442	0.0293393
0.672513	0.0280126	0.0295923
0.67288	0.0263866	0.029689
0.673248	0.024784	0.0296317
0.673615	0.0232219	0.0294247
0.673983	0.021717	0.0290745
0.67435	0.020285	0.0285897
0.674718	0.0189401	0.0279806
0.675085	0.0176955	0.0272593
0.675453	0.0165624	0.0264395
0.67582	0.0155503	0.0255359
0.676188	0.0146666	0.0245645
0.676555	0.0139167	0.0235417
0.676923	0.0133038	0.0224846
0.67729	0.0128287	0.0214105
0.677658	0.0124903	0.0203361
0.678025	0.0122851	0.0192782
0.678392	0.0122076	0.0182526
0.67876	0.0122504	0.0172739
0.679127	0.0124043	0.0163559
0.679495	0.0126585	0.0155106
0.679862	0.0130008	0.0147485
0.68023	0.0134179	0.0140781
0.680597	0.0138959	0.0135062
0.680965	0.0144199	0.0130375
0.681332	0.0149751	0.0126747
0.6817	0.0155464	0.0124182
0.682067	0.0161192	0.0122667
0.682435	0.0166794	0.0122168
0.682802	0.0172137	0.0122635
0.68317	0.0177096	0.0123997
0.683537	0.0181562	0.0126173
0.683905	0.0185439	0.0129066
0.684272	0.0188644	0.0132569
0.68464	0.0191114	0.0136567
0.685007	0.0192803	0.014094
0.685375	0.019368	0.0145563
0.685742	0.0193736	0.0150312
0.68611	0.0192976	0.0155064
0.686477	0.0191423	0.01597
0.686845	0.0189117	0.0164107
0.687212	0.0186112	0.0168182
0.68758	0.0182473	0.0171831
0.687947	0.0178279	0.0174972
0.688315	0.0173617	0.0177535
0.688682	0.0168581	0.0179466
0.68905	0.0163271	0.0180724
0.689417	0.015779	0.0181283
0.689785	0.0152241	0.0181133
0.690152	0.0146728	0.0180277
0.69052	0.0141348	0.0178734
0.690887	0.0136198	0.0176534
0.691255	0.0131363	0.0173721
0.691622	0.0126925	0.017035
0.69199	0.0122952	0.0166483
0.692357	0.0119504	0.0162194
0.692725	0.011663	0.015756
0.693092	0.0114365	0.0152663
0.69346	0.0112736	0.0147591
0.693827	0.0111753	0.0142428
0.694195	0.0111416	0.0137262
0.694562	0.0111716	0.0132176
0.69493	0.0112629	0.0127252
0.695297	0.0114123	0.0122565
0.695665	0.0116156	0.0118183
0.696032	0.011868	0.011417
0.6964	0.0121638	0.0110579
0.696767	0.0124967	0.0107456
0.697135	0.0128601	0.0104836
0.697502	0.0132471	0.0102747
0.69787	0.0136507	0.0101205
0.698237	0.0140636	0.0100218
0.698605	0.0144788	0.0099783
0.698972	0.0148895	0.00998897
0.69934	0.0152893	0.0100519
0.699707	0.015672	0.0101643
0.700075	0.016032	0.0103227
0.700442	0.0163644	0.0105232
0.70081	0.0166648	0.0107613
0.701177	0.0169295	0.0110318
0.701545	0.0171558	0.0113296
0.701912	0.0173413	0.011649
0.70228	0.0174846	0.0119844
0.702647	0.0175851	0.0123302
0.703015	0.0176429	0.0126807
0.703382	0.0176587	0.0130305
0.70375	0.017634	0.0133743
0.704117	0.0175708	0.0137072
0.704485	0.0174719	0.0140249
0.704852	0.0173402	0.0143231
0.705219	0.0171794	0.0145983
0.705587	0.0169935	0.0148477
0.705954	0.0167866	0.0150686
0.706322	0.0165632	0.0152593
0.706689	0.0163278	0.0154186
0.707057	0.0160851	0.0155459
0.707424	0.0158396	0.0156411
0.707792	0.0155958	0.0157049
0.708159	0.0153581	0.0157385
0.708527	0.0151305	0.0157435
0.708894	0.0149167	0.0157222
0.709262	0.0147203	0.0156772
0.709629	0.0145441	0.0156116
0.709997	0.0143908	0.0155287
0.710364	0.0142623	0.0154323
0.710732	0.0141603	0.0153263
0.711099	0.0140857	0.0152147
0.711467	0.014039	0.0151016
0.711834	0.0140201	0.0149912
0.712202	0.0140284	0.0148875
0.712569	0.0140626	0.0147944
0.712937	0.0141211	0.0147157
0.713304	0.0142017	0.014655
0.713672	0.0143019	0.0146152
0.714039	0.0144186	0.0145993
0.714407	0.0145485	0.0146097
0.714774	0.0146879	0.0146481
0.715142	0.0148331	0.0147162
0.715509	0.0149799	0.0148148
0.715877	0.0151242	0.0149443
0.716244	0.0152619	0.0151045
0.716612	0.0153889	0.0152947
0.716979	0.0155012	0.0155139
0.717347	0.015595	0.0157601
0.717714	0.0156666	0.0160312
0.718082	0.0157129	0.0163246
0.718449	0.0157308	0.0166371
0.718817	0.0157179	0.0169654
0.719184	0.0156721	0.0173058
0.719552	0.0155918	0.0176542
0.719919	0.0154761	0.0180065
0.720287	0.0153242	0.0183585
0.720654	0.0151363	0.0187059
0.721022	0.0149128	0.0190445
0.721389	0.014655	0.01937
0.721757	0.0143642	0.0196785
0.722124	0.0140426	0.0199663
0.722492	0.0136928	0.0202299
0.722859	0.0133176	0.0204662
0.723227	0.0129203	0.0206725
0.723594	0.0125046	0.0208465
0.723962	0.0120741	0.0209865
0.724329	0.0116329	0.021091
0.724697	0.011185	0.0211594
0.725064	0.0107347	0.0211914
0.725432	0.010286	0.0211871
0.725799	0.00984285	0.0211474
0.726167	0.00940916	0.0210735
0.726534	0.00898851	0.020967
0.726902	0.00858425	0.0208301
0.727269	0.00819939	0.0206652
0.727637	0.00783658	0.0204751
0.728004	0.00749804	0.0202629
0.728372	0.0071856	0.0200317
0.728739	0.0069006	0.0197852
0.729107	0.00664395	0.0195266
0.729474	0.00641611	0.0192595
0.729842	0.00621705	0.0189874
0.730209	0.00604636	0.0187137
0.730577	0.00590318	0.0184416
0.730944	0.00578629	0.0181741
0.731312	0.00569413	0.0179139
0.731679	0.00562484	0.0176635
0.732046	0.00557633	0.0174252
0.732414	0.00554628	0.0172006
0.732781	0.00553224	0.0169913
0.733149	0.00553167	0.0167984
0.733516	0.00554199	0.0166226
0.733884	0.00556062	0.0164643
0.734251	0.00558504	0.0163234
0.734619	0.00561283	0.0161998
0.734986	0.00564173	0.0160927
